Year,City,Sport,Discipline,Athlete,Country,Gender,Event,Medal
1924,Chamonix,Biathlon,Biathlon,"BERTHET, G.",FRA,Men,Military Patrol,Bronze
1924,Chamonix,Biathlon,Biathlon,"MANDRILLON, C.",FRA,Men,Military Patrol,Bronze
1924,Chamonix,Biathlon,Biathlon,"MANDRILLON, Maurice",FRA,Men,Military Patrol,Bronze
1924,Chamonix,Biathlon,Biathlon,"VANDELLE, AndrÃ©",FRA,Men,Military Patrol,Bronze
1924,Chamonix,Biathlon,Biathlon,"AUFDENBLATTEN, Adolf",SUI,Men,Military Patrol,Gold
1924,Chamonix,Biathlon,Biathlon,"JULEN, Alphonse",SUI,Men,Military Patrol,Gold
1924,Chamonix,Biathlon,Biathlon,"JULEN, Ant.",SUI,Men,Military Patrol,Gold
1924,Chamonix,Biathlon,Biathlon,"VAUCHER, D.",SUI,Men,Military Patrol,Gold
1924,Chamonix,Biathlon,Biathlon,"BREMER, V.E.",FIN,Men,Military Patrol,Silver
1924,Chamonix,Biathlon,Biathlon,"ESKELINEN, A.",FIN,Men,Military Patrol,Silver
1924,Chamonix,Biathlon,Biathlon,"HIRVONEN, H.",FIN,Men,Military Patrol,Silver
1924,Chamonix,Biathlon,Biathlon,"LAPPALAINEN, Martti",FIN,Men,Military Patrol,Silver
1924,Chamonix,Bobsleigh,Bobsleigh,"MORTIAUX, RenÃ©",BEL,Men,Four-Man,Bronze
1924,Chamonix,Bobsleigh,Bobsleigh,"MULDER, Charles",BEL,Men,Four-Man,Bronze
1924,Chamonix,Bobsleigh,Bobsleigh,"VAN DEN BROECK, Paul",BEL,Men,Four-Man,Bronze
1924,Chamonix,Bobsleigh,Bobsleigh,"VERSCHUEREN, Victor",BEL,Men,Four-Man,Bronze
1924,Chamonix,Bobsleigh,Bobsleigh,"WILLIEMS, Henri",BEL,Men,Four-Man,Bronze
1924,Chamonix,Bobsleigh,Bobsleigh,"NEVEU, Alfred",SUI,Men,Four-Man,Gold
1924,Chamonix,Bobsleigh,Bobsleigh,"SCHERRER, Eduard",SUI,Men,Four-Man,Gold
1924,Chamonix,Bobsleigh,Bobsleigh,"SCHLÃ„PPI, Alfred",SUI,Men,Four-Man,Gold
1924,Chamonix,Bobsleigh,Bobsleigh,"SCHLÃ„PPI, Heinrich",SUI,Men,Four-Man,Gold
1924,Chamonix,Bobsleigh,Bobsleigh,"ARNOLD, Thomas",GBR,Men,Four-Man,Silver
1924,Chamonix,Bobsleigh,Bobsleigh,"BROOME, Ralpf",GBR,Men,Four-Man,Silver
1924,Chamonix,Bobsleigh,Bobsleigh,"RICHARDSON, Alexander",GBR,Men,Four-Man,Silver
1924,Chamonix,Bobsleigh,Bobsleigh,"SOHER, Rodney",GBR,Men,Four-Man,Silver
1924,Chamonix,Curling,Curling,"ALDEERT, H.",FRA,Men,Curling,Bronze
1924,Chamonix,Curling,Curling,"ANDRE, Georges",FRA,Men,Curling,Bronze
1924,Chamonix,Curling,Curling,BENEDIC,FRA,Men,Curling,Bronze
1924,Chamonix,Curling,Curling,"CANIVET, P.",FRA,Men,Curling,Bronze
1924,Chamonix,Curling,Curling,"COURNOLLET, F.",FRA,Men,Curling,Bronze
1924,Chamonix,Curling,Curling,"PLANQUE, R.",FRA,Men,Curling,Bronze
1924,Chamonix,Curling,Curling,"AIKMAN, T.",GBR,Men,Curling,Gold
1924,Chamonix,Curling,Curling,"ASTLEY, D.-G.",GBR,Men,Curling,Gold
1924,Chamonix,Curling,Curling,"BROWN, V.",GBR,Men,Curling,Gold
1924,Chamonix,Curling,Curling,"COUSIN, R.",GBR,Men,Curling,Gold
1924,Chamonix,Curling,Curling,"JACKSON, V.-K.",GBR,Men,Curling,Gold
1924,Chamonix,Curling,Curling,"MC LEOD, J.",GBR,Men,Curling,Gold
1924,Chamonix,Curling,Curling,"MURRAY, T.-B.",GBR,Men,Curling,Gold
1924,Chamonix,Curling,Curling,"WELSH, R.",GBR,Men,Curling,Gold
1924,Chamonix,Curling,Curling,"AHLEN, J.P.",SWE,Men,Curling,Silver
1924,Chamonix,Curling,Curling,"KRONLUND, Carl Augustus Verner",SWE,Men,Curling,Silver
1924,Chamonix,Curling,Curling,"ODLUND, T.-M.",SWE,Men,Curling,Silver
1924,Chamonix,Curling,Curling,"PETERSEN, C.-W.",SWE,Men,Curling,Silver
1924,Chamonix,Curling,Curling,"PETTERSSON, C.-A.-F.",SWE,Men,Curling,Silver
1924,Chamonix,Curling,Curling,"SEVERIN, E.-O.",SWE,Men,Curling,Silver
1924,Chamonix,Curling,Curling,"WAHLBERG, K.-E.",SWE,Men,Curling,Silver
1924,Chamonix,Curling,Curling,"WETTERSTROM, V.-E.",SWE,Men,Curling,Silver
1924,Chamonix,Ice Hockey,Ice Hockey,"ANDERSON, William",GBR,Men,Ice Hockey,Bronze
1924,Chamonix,Ice Hockey,Ice Hockey,"BOULDEN, C.-B.",GBR,Men,Ice Hockey,Bronze
1924,Chamonix,Ice Hockey,Ice Hockey,"CARR-HARRIS, Louis Howland",GBR,Men,Ice Hockey,Bronze
1924,Chamonix,Ice Hockey,Ice Hockey,"CARRUTHERS, Colin Gordon",GBR,Men,Ice Hockey,Bronze
1924,Chamonix,Ice Hockey,Ice Hockey,"CARRUTHERS, Eric Dudley",GBR,Men,Ice Hockey,Bronze
1924,Chamonix,Ice Hockey,Ice Hockey,"CLARKSON, Guy E.",GBR,Men,Ice Hockey,Bronze
1924,Chamonix,Ice Hockey,Ice Hockey,"CUTHBERT, Ross George",GBR,Men,Ice Hockey,Bronze
1924,Chamonix,Ice Hockey,Ice Hockey,"HOLMES, George",GBR,Men,Ice Hockey,Bronze
1924,Chamonix,Ice Hockey,Ice Hockey,"JUKES, Hamilton",GBR,Men,Ice Hockey,Bronze
1924,Chamonix,Ice Hockey,Ice Hockey,"PATTON, B.-N.",GBR,Men,Ice Hockey,Bronze
1924,Chamonix,Ice Hockey,Ice Hockey,"PITBLADO, Edward",GBR,Men,Ice Hockey,Bronze
1924,Chamonix,Ice Hockey,Ice Hockey,"SEXTON, Blane Nathaniel",GBR,Men,Ice Hockey,Bronze
1924,Chamonix,Ice Hockey,Ice Hockey,"CAMERON, Jack",CAN,Men,Ice Hockey,Gold
1924,Chamonix,Ice Hockey,Ice Hockey,"COLLETT, Ernest J.",CAN,Men,Ice Hockey,Gold
1924,Chamonix,Ice Hockey,Ice Hockey,"MAC CAFFERY, Albert",CAN,Men,Ice Hockey,Gold
1924,Chamonix,Ice Hockey,Ice Hockey,"MAC MUNN, Harold",CAN,Men,Ice Hockey,Gold
1924,Chamonix,Ice Hockey,Ice Hockey,"MUNRO, Duncan",CAN,Men,Ice Hockey,Gold
1924,Chamonix,Ice Hockey,Ice Hockey,"RAMSAY, W.-Beattie",CAN,Men,Ice Hockey,Gold
1924,Chamonix,Ice Hockey,Ice Hockey,"SLATER, Cyril",CAN,Men,Ice Hockey,Gold
1924,Chamonix,Ice Hockey,Ice Hockey,"SMITH, Reginald",CAN,Men,Ice Hockey,Gold
1924,Chamonix,Ice Hockey,Ice Hockey,"WATSON, Harry",CAN,Men,Ice Hockey,Gold
1924,Chamonix,Ice Hockey,Ice Hockey,"ABEL, Clarence John",USA,Men,Ice Hockey,Silver
1924,Chamonix,Ice Hockey,Ice Hockey,"DRURY, Herbert L.",USA,Men,Ice Hockey,Silver
1924,Chamonix,Ice Hockey,Ice Hockey,"GERAN, N.",USA,Men,Ice Hockey,Silver
1924,Chamonix,Ice Hockey,Ice Hockey,"LACROIX, Alphonse",USA,Men,Ice Hockey,Silver
1924,Chamonix,Ice Hockey,Ice Hockey,"LANGLEY, John Arthur",USA,Men,Ice Hockey,Silver
1924,Chamonix,Ice Hockey,Ice Hockey,"LYONS, John Sharkey",USA,Men,Ice Hockey,Silver
1924,Chamonix,Ice Hockey,Ice Hockey,"MAC CARTHY, Justin",USA,Men,Ice Hockey,Silver
1924,Chamonix,Ice Hockey,Ice Hockey,"RICE, Willard",USA,Men,Ice Hockey,Silver
1924,Chamonix,Ice Hockey,Ice Hockey,"SMALL, Irving Wheeler",USA,Men,Ice Hockey,Silver
1924,Chamonix,Ice Hockey,Ice Hockey,"SYNNOTT, Francis Allen",USA,Men,Ice Hockey,Silver
1924,Chamonix,Skating,Figure skating,"GAUTSCHI, Georges",SUI,Men,Individual,Bronze
1924,Chamonix,Skating,Figure skating,"GRAFSTRÃ–M, Gillis",SWE,Men,Individual,Gold
1924,Chamonix,Skating,Figure skating,"BÃ–CKL, Willy",AUT,Men,Individual,Silver
1924,Chamonix,Skating,Figure skating,"MUCKELT, Ethel",GBR,Women,Individual,Bronze
1924,Chamonix,Skating,Figure skating,"SZABO-PLANK, Herma",AUT,Women,Individual,Gold
1924,Chamonix,Skating,Figure skating,"LOUGHRAN, Beatrix",USA,Women,Individual,Silver
1924,Chamonix,Skating,Figure skating,"BRUNET, AndrÃ©e",FRA,Women,Pairs,Bronze
1924,Chamonix,Skating,Figure skating,"BRUNET, Pierre",FRA,Men,Pairs,Bronze
1924,Chamonix,Skating,Figure skating,"BERGER, Alfred",AUT,Men,Pairs,Gold
1924,Chamonix,Skating,Figure skating,"ENGELMANN, Helene",AUT,Women,Pairs,Gold
1924,Chamonix,Skating,Figure skating,"JAKOBSSON, Ludowika",FIN,Women,Pairs,Silver
1924,Chamonix,Skating,Figure skating,"JAKOBSSON, Walter",FIN,Men,Pairs,Silver
1924,Chamonix,Skating,Speed skating,"LARSEN, Roald",NOR,Men,10000M,Bronze
1924,Chamonix,Skating,Speed skating,"SKUTNABB, Julius",FIN,Men,10000M,Gold
1924,Chamonix,Skating,Speed skating,"THUNBERG, Clas",FIN,Men,10000M,Silver
1924,Chamonix,Skating,Speed skating,"MOEN, Sigurd",NOR,Men,1500M,Bronze
1924,Chamonix,Skating,Speed skating,"THUNBERG, Clas",FIN,Men,1500M,Gold
1924,Chamonix,Skating,Speed skating,"LARSEN, Roald",NOR,Men,1500M,Silver
1924,Chamonix,Skating,Speed skating,"LARSEN, Roald",NOR,Men,5000M,Bronze
1924,Chamonix,Skating,Speed skating,"THUNBERG, Clas",FIN,Men,5000M,Gold
1924,Chamonix,Skating,Speed skating,"SKUTNABB, Julius",FIN,Men,5000M,Silver
1924,Chamonix,Skating,Speed skating,"THUNBERG, Clas",FIN,Men,500M,Bronze
1924,Chamonix,Skating,Speed skating,"LARSEN, Roald",NOR,Men,500M,Bronze
1924,Chamonix,Skating,Speed skating,"JEWTRAW, Charles",USA,Men,500M,Gold
1924,Chamonix,Skating,Speed skating,"OLSEN, Oskar",NOR,Men,500M,Silver
1924,Chamonix,Skating,Speed skating,"SKUTNABB, Julius",FIN,Men,Combined (4 Events),Bronze
1924,Chamonix,Skating,Speed skating,"THUNBERG, Clas",FIN,Men,Combined (4 Events),Gold
1924,Chamonix,Skating,Speed skating,"LARSEN, Roald",NOR,Men,Combined (4 Events),Silver
1924,Chamonix,Skiing,Cross Country Skiing,"NIKU, Tapani",FIN,Men,18KM,Bronze
1924,Chamonix,Skiing,Cross Country Skiing,"HAUG, Thorleif",NOR,Men,18KM,Gold
1924,Chamonix,Skiing,Cross Country Skiing,"GROTTUMSBRAATEN, Johan",NOR,Men,18KM,Silver
1924,Chamonix,Skiing,Cross Country Skiing,"GROTTUMSBRAATEN, Johan",NOR,Men,50KM,Bronze
1924,Chamonix,Skiing,Cross Country Skiing,"HAUG, Thorleif",NOR,Men,50KM,Gold
1924,Chamonix,Skiing,Cross Country Skiing,"STRÃ–MSTAD, Thoralf",NOR,Men,50KM,Silver
1924,Chamonix,Skiing,Nordic Combined,"GROTTUMSBRAATEN, Johan",NOR,Men,Individual,Bronze
1924,Chamonix,Skiing,Nordic Combined,"HAUG, Thorleif",NOR,Men,Individual,Gold
1924,Chamonix,Skiing,Nordic Combined,"STRÃ–MSTAD, Thoralf",NOR,Men,Individual,Silver
1924,Chamonix,Skiing,Ski Jumping,"HAUGEN, Anders",USA,Men,K90 Individual (70M),Bronze
1924,Chamonix,Skiing,Ski Jumping,"THAMS, Jacob Tullin",NOR,Men,K90 Individual (70M),Gold
1924,Chamonix,Skiing,Ski Jumping,"BONNA, Narve",NOR,Men,K90 Individual (70M),Silver
1928,St.Moritz,Bobsleigh,Bobsleigh,"HESS, Hans",GER,Men,Five-Man,Bronze
1928,St.Moritz,Bobsleigh,Bobsleigh,"HUBER, Sebastian",GER,Men,Five-Man,Bronze
1928,St.Moritz,Bobsleigh,Bobsleigh,"KILIAN, Hanns",GER,Men,Five-Man,Bronze
1928,St.Moritz,Bobsleigh,Bobsleigh,"KREMPL, Valentin",GER,Men,Five-Man,Bronze
1928,St.Moritz,Bobsleigh,Bobsleigh,"NÃ„GLE, Hanns",GER,Men,Five-Man,Bronze
1928,St.Moritz,Bobsleigh,Bobsleigh,"FISKE, William",USA,Men,Five-Man,Gold
1928,St.Moritz,Bobsleigh,Bobsleigh,"GRAY, Clifford Barton",USA,Men,Five-Man,Gold
1928,St.Moritz,Bobsleigh,Bobsleigh,"MASON, Geoffrey Travers",USA,Men,Five-Man,Gold
1928,St.Moritz,Bobsleigh,Bobsleigh,"PARKE, Richard",USA,Men,Five-Man,Gold
1928,St.Moritz,Bobsleigh,Bobsleigh,"TUCKER, Nion",USA,Men,Five-Man,Gold
1928,St.Moritz,Bobsleigh,Bobsleigh,"DOE, Thomas",USA,Men,Five-Man,Silver
1928,St.Moritz,Bobsleigh,Bobsleigh,"GRANGER, David",USA,Men,Five-Man,Silver
1928,St.Moritz,Bobsleigh,Bobsleigh,"HEATON, Jennison",USA,Men,Five-Man,Silver
1928,St.Moritz,Bobsleigh,Bobsleigh,"HINE, Lyman",USA,Men,Five-Man,Silver
1928,St.Moritz,Bobsleigh,Bobsleigh,"O'BRIEN, Jay James",USA,Men,Five-Man,Silver
1928,St.Moritz,Bobsleigh,Skeleton,"NORTHESK, David, Earl of",GBR,Men,Individual,Bronze
1928,St.Moritz,Bobsleigh,Skeleton,"HEATON, Jennison",USA,Men,Individual,Gold
1928,St.Moritz,Bobsleigh,Skeleton,"HEATON, John",USA,Men,Individual,Silver
1928,St.Moritz,Ice Hockey,Ice Hockey,"ANDREOSSI, Giannin",SUI,Men,Ice Hockey,Bronze
1928,St.Moritz,Ice Hockey,Ice Hockey,"ANDREOSSI, Mezzi",SUI,Men,Ice Hockey,Bronze
1928,St.Moritz,Ice Hockey,Ice Hockey,"BREITER, Robert",SUI,Men,Ice Hockey,Bronze
1928,St.Moritz,Ice Hockey,Ice Hockey,"DUFOUR, Louis",SUI,Men,Ice Hockey,Bronze
1928,St.Moritz,Ice Hockey,Ice Hockey,"FASEL, Charles",SUI,Men,Ice Hockey,Bronze
1928,St.Moritz,Ice Hockey,Ice Hockey,"GEROMINI, Albert",SUI,Men,Ice Hockey,Bronze
1928,St.Moritz,Ice Hockey,Ice Hockey,"KRAATZ, Fritz",SUI,Men,Ice Hockey,Bronze
1928,St.Moritz,Ice Hockey,Ice Hockey,"MARTIGNONI, Arnold",SUI,Men,Ice Hockey,Bronze
1928,St.Moritz,Ice Hockey,Ice Hockey,"MENG, Heini",SUI,Men,Ice Hockey,Bronze
1928,St.Moritz,Ice Hockey,Ice Hockey,"MOROSANI, Anton",SUI,Men,Ice Hockey,Bronze
1928,St.Moritz,Ice Hockey,Ice Hockey,"RÃœEDI, Luzius",SUI,Men,Ice Hockey,Bronze
1928,St.Moritz,Ice Hockey,Ice Hockey,"TORRIANI, Richard",SUI,Men,Ice Hockey,Bronze
1928,St.Moritz,Ice Hockey,Ice Hockey,"DELAHAY, Charles",CAN,Men,Ice Hockey,Gold
1928,St.Moritz,Ice Hockey,Ice Hockey,"FISHER, Franlyn Wood",CAN,Men,Ice Hockey,Gold
1928,St.Moritz,Ice Hockey,Ice Hockey,"HUDSON, Henry Louis",CAN,Men,Ice Hockey,Gold
1928,St.Moritz,Ice Hockey,Ice Hockey,"MUELLER, Norbert Edward",CAN,Men,Ice Hockey,Gold
1928,St.Moritz,Ice Hockey,Ice Hockey,"PLAXTON, Herbert Alfred",CAN,Men,Ice Hockey,Gold
1928,St.Moritz,Ice Hockey,Ice Hockey,"PLAXTON, Hugh John",CAN,Men,Ice Hockey,Gold
1928,St.Moritz,Ice Hockey,Ice Hockey,"PLAXTON, Rogers Hayward",CAN,Men,Ice Hockey,Gold
1928,St.Moritz,Ice Hockey,Ice Hockey,"PORTER, John Chester",CAN,Men,Ice Hockey,Gold
1928,St.Moritz,Ice Hockey,Ice Hockey,"SULLIVAN, Frank Gerald",CAN,Men,Ice Hockey,Gold
1928,St.Moritz,Ice Hockey,Ice Hockey,"SULLIVAN, Joseph Taylor",CAN,Men,Ice Hockey,Gold
1928,St.Moritz,Ice Hockey,Ice Hockey,"TAYLOR, Ross Croft",CAN,Men,Ice Hockey,Gold
1928,St.Moritz,Ice Hockey,Ice Hockey,"TROTTIER, David",CAN,Men,Ice Hockey,Gold
1928,St.Moritz,Ice Hockey,Ice Hockey,"ABRAHAMSSON, Carl",SWE,Men,Ice Hockey,Silver
1928,St.Moritz,Ice Hockey,Ice Hockey,"BERGMAN, Emil",SWE,Men,Ice Hockey,Silver
1928,St.Moritz,Ice Hockey,Ice Hockey,"HOLMQVIST, Birger",SWE,Men,Ice Hockey,Silver
1928,St.Moritz,Ice Hockey,Ice Hockey,"JOHANSSON, Gustaf",SWE,Men,Ice Hockey,Silver
1928,St.Moritz,Ice Hockey,Ice Hockey,"JOHANSSON, Henry",SWE,Men,Ice Hockey,Silver
1928,St.Moritz,Ice Hockey,Ice Hockey,"JOHANSSON, Nils",SWE,Men,Ice Hockey,Silver
1928,St.Moritz,Ice Hockey,Ice Hockey,"KARLBERG, Ernst",SWE,Men,Ice Hockey,Silver
1928,St.Moritz,Ice Hockey,Ice Hockey,"LARSSON, Erik",SWE,Men,Ice Hockey,Silver
1928,St.Moritz,Ice Hockey,Ice Hockey,"LINDE, Bertil",SWE,Men,Ice Hockey,Silver
1928,St.Moritz,Ice Hockey,Ice Hockey,"Ã–BERG, Sigfrid",SWE,Men,Ice Hockey,Silver
1928,St.Moritz,Ice Hockey,Ice Hockey,"PETERSEN, Wilhelm",SWE,Men,Ice Hockey,Silver
1928,St.Moritz,Ice Hockey,Ice Hockey,"SUCKSDORFF, Kurt",SWE,Men,Ice Hockey,Silver
1928,St.Moritz,Skating,Figure skating,"VAN ZEEBROECK, Robert",BEL,Men,Individual,Bronze
1928,St.Moritz,Skating,Figure skating,"GRAFSTRÃ–M, Gillis",SWE,Men,Individual,Gold
1928,St.Moritz,Skating,Figure skating,"BÃ–CKL, Willy",AUT,Men,Individual,Silver
1928,St.Moritz,Skating,Figure skating,"LOUGHRAN, Beatrix",USA,Women,Individual,Bronze
1928,St.Moritz,Skating,Figure skating,"HENIE, Sonja",NOR,Women,Individual,Gold
1928,St.Moritz,Skating,Figure skating,"BURGER, Fritzi",AUT,Women,Individual,Silver
1928,St.Moritz,Skating,Figure skating,"BRUNNER, Melitta",AUT,Women,Pairs,Bronze
1928,St.Moritz,Skating,Figure skating,"WREDE, Ludwig",AUT,Men,Pairs,Bronze
1928,St.Moritz,Skating,Figure skating,"BRUNET, AndrÃ©e",FRA,Women,Pairs,Gold
1928,St.Moritz,Skating,Figure skating,"BRUNET, Pierre",FRA,Men,Pairs,Gold
1928,St.Moritz,Skating,Figure skating,"KAISER, Otto",AUT,Men,Pairs,Silver
1928,St.Moritz,Skating,Figure skating,"SCHOLZ, Lilly",AUT,Women,Pairs,Silver
1928,St.Moritz,Skating,Speed skating,"BALLANGRUD, Ivar",NOR,Men,1500M,Bronze
1928,St.Moritz,Skating,Speed skating,"THUNBERG, Clas",FIN,Men,1500M,Gold
1928,St.Moritz,Skating,Speed skating,"EVENSEN, Bernt",NOR,Men,1500M,Silver
1928,St.Moritz,Skating,Speed skating,"EVENSEN, Bernt",NOR,Men,5000M,Bronze
1928,St.Moritz,Skating,Speed skating,"BALLANGRUD, Ivar",NOR,Men,5000M,Gold
1928,St.Moritz,Skating,Speed skating,"SKUTNABB, Julius",FIN,Men,5000M,Silver
1928,St.Moritz,Skating,Speed skating,"FRIMAN, Jaakko",FIN,Men,500M,Bronze
1928,St.Moritz,Skating,Speed skating,"LARSEN, Roald",NOR,Men,500M,Bronze
1928,St.Moritz,Skating,Speed skating,"FARRELL, John O",USA,Men,500M,Bronze
1928,St.Moritz,Skating,Speed skating,"THUNBERG, Clas",FIN,Men,500M,Gold
1928,St.Moritz,Skating,Speed skating,"EVENSEN, Bernt",NOR,Men,500M,Gold
1928,St.Moritz,Skiing,Cross Country Skiing,"Ã–DEGAARD, Reidar",NOR,Men,18KM,Bronze
1928,St.Moritz,Skiing,Cross Country Skiing,"GROTTUMSBRAATEN, Johan",NOR,Men,18KM,Gold
1928,St.Moritz,Skiing,Cross Country Skiing,"HEGGE, Ole",NOR,Men,18KM,Silver
1928,St.Moritz,Skiing,Cross Country Skiing,"ANDERSSON, Volger",SWE,Men,50KM,Bronze
1928,St.Moritz,Skiing,Cross Country Skiing,"HEDLUND, Per Erik",SWE,Men,50KM,Gold
1928,St.Moritz,Skiing,Cross Country Skiing,"JONSSON, Gustav",SWE,Men,50KM,Silver
1928,St.Moritz,Skiing,Nordic Combined,"SNERSRUD, John",NOR,Men,Individual,Bronze
1928,St.Moritz,Skiing,Nordic Combined,"GROTTUMSBRAATEN, Johan",NOR,Men,Individual,Gold
1928,St.Moritz,Skiing,Nordic Combined,"VINJARENGEN, Hans",NOR,Men,Individual,Silver
1928,St.Moritz,Skiing,Ski Jumping,"BURKERT, Rudolf",TCH,Men,K90 Individual (70M),Bronze
1928,St.Moritz,Skiing,Ski Jumping,"ANDERSEN, Alf",NOR,Men,K90 Individual (70M),Gold
1928,St.Moritz,Skiing,Ski Jumping,"RUUD, Sigmund",NOR,Men,K90 Individual (70M),Silver
1932,Lake Placid,Bobsleigh,Bobsleigh,"BREHME, Albert",GER,Men,Four-Man,Bronze
1932,Lake Placid,Bobsleigh,Bobsleigh,"GRAU, Fritz",GER,Men,Four-Man,Bronze
1932,Lake Placid,Bobsleigh,Bobsleigh,"HOPMANN, Helmut",GER,Men,Four-Man,Bronze
1932,Lake Placid,Bobsleigh,Bobsleigh,"HUBER, Sebastian",GER,Men,Four-Man,Bronze
1932,Lake Placid,Bobsleigh,Bobsleigh,"HUTH, Werner",GER,Men,Four-Man,Bronze
1932,Lake Placid,Bobsleigh,Bobsleigh,"KILIAN, Hanns",GER,Men,Four-Man,Bronze
1932,Lake Placid,Bobsleigh,Bobsleigh,"KROTKI, Rudolf",GER,Men,Four-Man,Bronze
1932,Lake Placid,Bobsleigh,Bobsleigh,"LUDWIG, Max",GER,Men,Four-Man,Bronze
1932,Lake Placid,Bobsleigh,Bobsleigh,"MEHLHHORN, Hans",GER,Men,Four-Man,Bronze
1932,Lake Placid,Bobsleigh,Bobsleigh,"ROSSNER, Heinrich",GER,Men,Four-Man,Bronze
1932,Lake Placid,Bobsleigh,Bobsleigh,"ZAHN, Werner",GER,Men,Four-Man,Bronze
1932,Lake Placid,Bobsleigh,Bobsleigh,"EAGAN, Edward",USA,Men,Four-Man,Gold
1932,Lake Placid,Bobsleigh,Bobsleigh,"FISKE, William",USA,Men,Four-Man,Gold
1932,Lake Placid,Bobsleigh,Bobsleigh,"GRAY, Clifford Barton",USA,Men,Four-Man,Gold
1932,Lake Placid,Bobsleigh,Bobsleigh,"O'BRIEN, Jay James",USA,Men,Four-Man,Gold
1932,Lake Placid,Bobsleigh,Bobsleigh,"STEVENS, J. Hubert",USA,Men,Four-Man,Gold
1932,Lake Placid,Bobsleigh,Bobsleigh,"ASHFORTH, Albert",USA,Men,Four-Man,Silver
1932,Lake Placid,Bobsleigh,Bobsleigh,"BRYANT, Precy D.",USA,Men,Four-Man,Silver
1932,Lake Placid,Bobsleigh,Bobsleigh,"GOODRICH, Hunter",USA,Men,Four-Man,Silver
1932,Lake Placid,Bobsleigh,Bobsleigh,"HACKNEY, Clement",USA,Men,Four-Man,Silver
1932,Lake Placid,Bobsleigh,Bobsleigh,"HOMBURGER, Henry A.",USA,Men,Four-Man,Silver
1932,Lake Placid,Bobsleigh,Bobsleigh,"HORTON, Edmund C",USA,Men,Four-Man,Silver
1932,Lake Placid,Bobsleigh,Bobsleigh,"LIPSON, Howard S",USA,Men,Four-Man,Silver
1932,Lake Placid,Bobsleigh,Bobsleigh,"MARTIN, Harry G",USA,Men,Four-Man,Silver
1932,Lake Placid,Bobsleigh,Bobsleigh,"STEVENS, Curtis",USA,Men,Four-Man,Silver
1932,Lake Placid,Bobsleigh,Bobsleigh,"STEVENS, Francis Paul",USA,Men,Four-Man,Silver
1932,Lake Placid,Bobsleigh,Bobsleigh,"BRYANT, Precy D.",USA,Men,Two-Man,Bronze
1932,Lake Placid,Bobsleigh,Bobsleigh,"HEATON, John",USA,Men,Two-Man,Bronze
1932,Lake Placid,Bobsleigh,Bobsleigh,"HOMBURGER, Henry A.",USA,Men,Two-Man,Bronze
1932,Lake Placid,Bobsleigh,Bobsleigh,"MARTIN, Harry G",USA,Men,Two-Man,Bronze
1932,Lake Placid,Bobsleigh,Bobsleigh,"MINTON, Robert",USA,Men,Two-Man,Bronze
1932,Lake Placid,Bobsleigh,Bobsleigh,"STEVENS, J. Hubert",USA,Men,Two-Man,Bronze
1932,Lake Placid,Bobsleigh,Bobsleigh,"ARTHUR, Adams",USA,Men,Two-Man,Gold
1932,Lake Placid,Bobsleigh,Bobsleigh,"STEVENS, Curtis",USA,Men,Two-Man,Gold
1932,Lake Placid,Bobsleigh,Bobsleigh,"CAPADRUTT, Reto",SUI,Men,Two-Man,Silver
1932,Lake Placid,Bobsleigh,Bobsleigh,"FONJALLAZ, Gaston",SUI,Men,Two-Man,Silver
1932,Lake Placid,Bobsleigh,Bobsleigh,"FONJALLAZ, Gustave",SUI,Men,Two-Man,Silver
1932,Lake Placid,Bobsleigh,Bobsleigh,"FONJALLAZ, RenÃ©",SUI,Men,Two-Man,Silver
1932,Lake Placid,Bobsleigh,Bobsleigh,"GEIER, Oscar",SUI,Men,Two-Man,Silver
1932,Lake Placid,Bobsleigh,Bobsleigh,"JENNY, Charles",SUI,Men,Two-Man,Silver
1932,Lake Placid,Bobsleigh,Bobsleigh,"KLOETTA, Antoine",SUI,Men,Two-Man,Silver
1932,Lake Placid,Bobsleigh,Bobsleigh,"STAUFFER, William",SUI,Men,Two-Man,Silver
1932,Lake Placid,Ice Hockey,Ice Hockey,"BALL, Rudolf",GER,Men,Ice Hockey,Bronze
1932,Lake Placid,Ice Hockey,Ice Hockey,"HEINRICH, Alfred",GER,Men,Ice Hockey,Bronze
1932,Lake Placid,Ice Hockey,Ice Hockey,"HERKER, Erich",GER,Men,Ice Hockey,Bronze
1932,Lake Placid,Ice Hockey,Ice Hockey,"JÃ„NECKE, Gustav",GER,Men,Ice Hockey,Bronze
1932,Lake Placid,Ice Hockey,Ice Hockey,"KORFF, Werner",GER,Men,Ice Hockey,Bronze
1932,Lake Placid,Ice Hockey,Ice Hockey,"LEINWEBER, Walter",GER,Men,Ice Hockey,Bronze
1932,Lake Placid,Ice Hockey,Ice Hockey,"RÃ–MER, Erich",GER,Men,Ice Hockey,Bronze
1932,Lake Placid,Ice Hockey,Ice Hockey,"SCHRÃ–TTLE, Martin",GER,Men,Ice Hockey,Bronze
1932,Lake Placid,Ice Hockey,Ice Hockey,"SLEVOGT, Marquardt",GER,Men,Ice Hockey,Bronze
1932,Lake Placid,Ice Hockey,Ice Hockey,"STROBL, Georg",GER,Men,Ice Hockey,Bronze
1932,Lake Placid,Ice Hockey,Ice Hockey,"COCKBURN, William George",CAN,Men,Ice Hockey,Gold
1932,Lake Placid,Ice Hockey,Ice Hockey,"CROWLEY, Clifford",CAN,Men,Ice Hockey,Gold
1932,Lake Placid,Ice Hockey,Ice Hockey,"DUNCANSON, Albert",CAN,Men,Ice Hockey,Gold
1932,Lake Placid,Ice Hockey,Ice Hockey,"GARBUTT, George",CAN,Men,Ice Hockey,Gold
1932,Lake Placid,Ice Hockey,Ice Hockey,"HINKEL, Roy",CAN,Men,Ice Hockey,Gold
1932,Lake Placid,Ice Hockey,Ice Hockey,"LINDQUIST, C. Victor",CAN,Men,Ice Hockey,Gold
1932,Lake Placid,Ice Hockey,Ice Hockey,"MALLOY, Norman",CAN,Men,Ice Hockey,Gold
1932,Lake Placid,Ice Hockey,Ice Hockey,"MONSON, Walter",CAN,Men,Ice Hockey,Gold
1932,Lake Placid,Ice Hockey,Ice Hockey,"MOORE, Kenneth",CAN,Men,Ice Hockey,Gold
1932,Lake Placid,Ice Hockey,Ice Hockey,"RIVERS, N.Romeo",CAN,Men,Ice Hockey,Gold
1932,Lake Placid,Ice Hockey,Ice Hockey,"SIMPSON, Harold",CAN,Men,Ice Hockey,Gold
1932,Lake Placid,Ice Hockey,Ice Hockey,"SUTHERLAND, Hugh",CAN,Men,Ice Hockey,Gold
1932,Lake Placid,Ice Hockey,Ice Hockey,"WAGNER, W. Stanley",CAN,Men,Ice Hockey,Gold
1932,Lake Placid,Ice Hockey,Ice Hockey,"WISE, J. Alliston",CAN,Men,Ice Hockey,Gold
1932,Lake Placid,Ice Hockey,Ice Hockey,"ANDERSON, Osborn",USA,Men,Ice Hockey,Silver
1932,Lake Placid,Ice Hockey,Ice Hockey,"BENT, John Peale",USA,Men,Ice Hockey,Silver
1932,Lake Placid,Ice Hockey,Ice Hockey,"CHASE, John Pierce",USA,Men,Ice Hockey,Silver
1932,Lake Placid,Ice Hockey,Ice Hockey,"COOKMAN, John Emery",USA,Men,Ice Hockey,Silver
1932,Lake Placid,Ice Hockey,Ice Hockey,"EVERETT, Douglas Newton",USA,Men,Ice Hockey,Silver
1932,Lake Placid,Ice Hockey,Ice Hockey,"FARRELL, Franklin",USA,Men,Ice Hockey,Silver
1932,Lake Placid,Ice Hockey,Ice Hockey,"FITZGERALD, Joseph",USA,Men,Ice Hockey,Silver
1932,Lake Placid,Ice Hockey,Ice Hockey,"FRAZIER, Edward Hartwell",USA,Men,Ice Hockey,Silver
1932,Lake Placid,Ice Hockey,Ice Hockey,"GARRISON, John Bright",USA,Men,Ice Hockey,Silver
1932,Lake Placid,Ice Hockey,Ice Hockey,"HALLOCK, Gerard",USA,Men,Ice Hockey,Silver
1932,Lake Placid,Ice Hockey,Ice Hockey,"LIVINGSTON, Robert Cambridge",USA,Men,Ice Hockey,Silver
1932,Lake Placid,Ice Hockey,Ice Hockey,"NELSON, Francis Augustus",USA,Men,Ice Hockey,Silver
1932,Lake Placid,Ice Hockey,Ice Hockey,"PALMER, Winthrop Hale",USA,Men,Ice Hockey,Silver
1932,Lake Placid,Ice Hockey,Ice Hockey,"SMITH, Gordon",USA,Men,Ice Hockey,Silver
1932,Lake Placid,Skating,Figure skating,"WILSON, Montgomery",CAN,Men,Individual,Bronze
1932,Lake Placid,Skating,Figure skating,"SCHÃ„FER, Karl",AUT,Men,Individual,Gold
1932,Lake Placid,Skating,Figure skating,"GRAFSTRÃ–M, Gillis",SWE,Men,Individual,Silver
1932,Lake Placid,Skating,Figure skating,"VINSON, Maribel",USA,Women,Individual,Bronze
1932,Lake Placid,Skating,Figure skating,"HENIE, Sonja",NOR,Women,Individual,Gold
1932,Lake Placid,Skating,Figure skating,"BURGER, Fritzi",AUT,Women,Individual,Silver
1932,Lake Placid,Skating,Figure skating,"ROTTER, Emilia",HUN,Women,Pairs,Bronze
1932,Lake Placid,Skating,Figure skating,"SZOLLAS, Laszlo",HUN,Men,Pairs,Bronze
1932,Lake Placid,Skating,Figure skating,"BRUNET, AndrÃ©e",FRA,Women,Pairs,Gold
1932,Lake Placid,Skating,Figure skating,"BRUNET, Pierre",FRA,Men,Pairs,Gold
1932,Lake Placid,Skating,Figure skating,"BADGER, Sherwin",USA,Men,Pairs,Silver
1932,Lake Placid,Skating,Figure skating,"LOUGHRAN, Beatrix",USA,Women,Pairs,Silver
1932,Lake Placid,Skating,Speed skating,"STACK, Frank",CAN,Men,10000M,Bronze
1932,Lake Placid,Skating,Speed skating,"JAFFEE, Irving",USA,Men,10000M,Gold
1932,Lake Placid,Skating,Speed skating,"BALLANGRUD, Ivar",NOR,Men,10000M,Silver
1932,Lake Placid,Skating,Speed skating,"LOGAN, William F.",CAN,Men,1500M,Bronze
1932,Lake Placid,Skating,Speed skating,"SHEA, John A.",USA,Men,1500M,Gold
1932,Lake Placid,Skating,Speed skating,"HURD, Alexander",CAN,Men,1500M,Silver
1932,Lake Placid,Skating,Speed skating,"LOGAN, William F.",CAN,Men,5000M,Bronze
1932,Lake Placid,Skating,Speed skating,"JAFFEE, Irving",USA,Men,5000M,Gold
1932,Lake Placid,Skating,Speed skating,"MURPHY, Edward",USA,Men,5000M,Silver
1932,Lake Placid,Skating,Speed skating,"HURD, Alexander",CAN,Men,500M,Bronze
1932,Lake Placid,Skating,Speed skating,"SHEA, John A.",USA,Men,500M,Gold
1932,Lake Placid,Skating,Speed skating,"EVENSEN, Bernt",NOR,Men,500M,Silver
1932,Lake Placid,Skiing,Cross Country Skiing,"SAARINEN, Veli",FIN,Men,18KM,Bronze
1932,Lake Placid,Skiing,Cross Country Skiing,"UTTERSTRÃ–M, Sven",SWE,Men,18KM,Gold
1932,Lake Placid,Skiing,Cross Country Skiing,"WIKSTRÃ–M, Axel",SWE,Men,18KM,Silver
1932,Lake Placid,Skiing,Cross Country Skiing,"RUSTADSTUEN, Arne",NOR,Men,50KM,Bronze
1932,Lake Placid,Skiing,Cross Country Skiing,"SAARINEN, Veli",FIN,Men,50KM,Gold
1932,Lake Placid,Skiing,Cross Country Skiing,"LIIKKANEN, VÃ_inÃ¶",FIN,Men,50KM,Silver
1932,Lake Placid,Skiing,Nordic Combined,"VINJARENGEN, Hans",NOR,Men,Individual,Bronze
1932,Lake Placid,Skiing,Nordic Combined,"GROTTUMSBRAATEN, Johan",NOR,Men,Individual,Gold
1932,Lake Placid,Skiing,Nordic Combined,"STENEN, Ole",NOR,Men,Individual,Silver
1932,Lake Placid,Skiing,Ski Jumping,"WALBERG, Kaare",NOR,Men,K90 Individual (70M),Bronze
1932,Lake Placid,Skiing,Ski Jumping,"RUUD, Birger",NOR,Men,K90 Individual (70M),Gold
1932,Lake Placid,Skiing,Ski Jumping,"BECK, Hans",NOR,Men,K90 Individual (70M),Silver
1936,Garmisch Partenkirchen,Bobsleigh,Bobsleigh,"CARDNO, James Farquhar",GBR,Men,Four-Man,Bronze
1936,Garmisch Partenkirchen,Bobsleigh,Bobsleigh,"DUGDALE, Gary",GBR,Men,Four-Man,Bronze
1936,Garmisch Partenkirchen,Bobsleigh,Bobsleigh,"GREEN, Charles Patrick",GBR,Men,Four-Man,Bronze
1936,Garmisch Partenkirchen,Bobsleigh,Bobsleigh,"MCEVOY, Frederick James",GBR,Men,Four-Man,Bronze
1936,Garmisch Partenkirchen,Bobsleigh,Bobsleigh,"BEERLI, Joseph",SUI,Men,Four-Man,Gold
1936,Garmisch Partenkirchen,Bobsleigh,Bobsleigh,"BOUVIER, Charles",SUI,Men,Four-Man,Gold
1936,Garmisch Partenkirchen,Bobsleigh,Bobsleigh,"GARTMANN, Arnold",SUI,Men,Four-Man,Gold
1936,Garmisch Partenkirchen,Bobsleigh,Bobsleigh,"MUSY, Pierre",SUI,Men,Four-Man,Gold
1936,Garmisch Partenkirchen,Bobsleigh,Bobsleigh,"AICHELE, Hans",SUI,Men,Four-Man,Silver
1936,Garmisch Partenkirchen,Bobsleigh,Bobsleigh,"BÃœTIKOFER, Hans",SUI,Men,Four-Man,Silver
1936,Garmisch Partenkirchen,Bobsleigh,Bobsleigh,"CAPADRUTT, Reto",SUI,Men,Four-Man,Silver
1936,Garmisch Partenkirchen,Bobsleigh,Bobsleigh,"FEIERABEND, Fritz",SUI,Men,Four-Man,Silver
1936,Garmisch Partenkirchen,Bobsleigh,Bobsleigh,"COLGATE, Gilbert",USA,Men,Two-Man,Bronze
1936,Garmisch Partenkirchen,Bobsleigh,Bobsleigh,"LAWRENCE, Richard Webster",USA,Men,Two-Man,Bronze
1936,Garmisch Partenkirchen,Bobsleigh,Bobsleigh,"BROWN, Ivan Elmore",USA,Men,Two-Man,Gold
1936,Garmisch Partenkirchen,Bobsleigh,Bobsleigh,"WASHBOND, Alan M.",USA,Men,Two-Man,Gold
1936,Garmisch Partenkirchen,Bobsleigh,Bobsleigh,"BEERLI, Joseph",SUI,Men,Two-Man,Silver
1936,Garmisch Partenkirchen,Bobsleigh,Bobsleigh,"FEIERABEND, Fritz",SUI,Men,Two-Man,Silver
1936,Garmisch Partenkirchen,Ice Hockey,Ice Hockey,"GARRISON, John Bright",USA,Men,Ice Hockey,Bronze
1936,Garmisch Partenkirchen,Ice Hockey,Ice Hockey,"KAMMER, August",USA,Men,Ice Hockey,Bronze
1936,Garmisch Partenkirchen,Ice Hockey,Ice Hockey,"LA BATTE, Philip William",USA,Men,Ice Hockey,Bronze
1936,Garmisch Partenkirchen,Ice Hockey,Ice Hockey,"LAX, John Charles",USA,Men,Ice Hockey,Bronze
1936,Garmisch Partenkirchen,Ice Hockey,Ice Hockey,"MOONE, Thomas",USA,Men,Ice Hockey,Bronze
1936,Garmisch Partenkirchen,Ice Hockey,Ice Hockey,"ROSS, Eldridge Baker",USA,Men,Ice Hockey,Bronze
1936,Garmisch Partenkirchen,Ice Hockey,Ice Hockey,"ROWE, Paul Edward",USA,Men,Ice Hockey,Bronze
1936,Garmisch Partenkirchen,Ice Hockey,Ice Hockey,"SHAUGHNESSY, Francis John",USA,Men,Ice Hockey,Bronze
1936,Garmisch Partenkirchen,Ice Hockey,Ice Hockey,"SMITH, Gordon",USA,Men,Ice Hockey,Bronze
1936,Garmisch Partenkirchen,Ice Hockey,Ice Hockey,"SPAIN, Francis Jones",USA,Men,Ice Hockey,Bronze
1936,Garmisch Partenkirchen,Ice Hockey,Ice Hockey,"STUBBS, Frank Raymond",USA,Men,Ice Hockey,Bronze
1936,Garmisch Partenkirchen,Ice Hockey,Ice Hockey,"ARCHER, Alexander",GBR,Men,Ice Hockey,Gold
1936,Garmisch Partenkirchen,Ice Hockey,Ice Hockey,"BORLAND, James Andrew",GBR,Men,Ice Hockey,Gold
1936,Garmisch Partenkirchen,Ice Hockey,Ice Hockey,"BRENCHLEY, Edgar",GBR,Men,Ice Hockey,Gold
1936,Garmisch Partenkirchen,Ice Hockey,Ice Hockey,"CHAPPELL, James",GBR,Men,Ice Hockey,Gold
1936,Garmisch Partenkirchen,Ice Hockey,Ice Hockey,"COWARD, John",GBR,Men,Ice Hockey,Gold
1936,Garmisch Partenkirchen,Ice Hockey,Ice Hockey,"DAILLEY, Gordon Debenham",GBR,Men,Ice Hockey,Gold
1936,Garmisch Partenkirchen,Ice Hockey,Ice Hockey,"DAVEY, John Gerald",GBR,Men,Ice Hockey,Gold
1936,Garmisch Partenkirchen,Ice Hockey,Ice Hockey,"ERHARDT, Carl",GBR,Men,Ice Hockey,Gold
1936,Garmisch Partenkirchen,Ice Hockey,Ice Hockey,"FOSTER, James",GBR,Men,Ice Hockey,Gold
1936,Garmisch Partenkirchen,Ice Hockey,Ice Hockey,"KILPATRICK, John",GBR,Men,Ice Hockey,Gold
1936,Garmisch Partenkirchen,Ice Hockey,Ice Hockey,"STINCHCOMBE, Archibald",GBR,Men,Ice Hockey,Gold
1936,Garmisch Partenkirchen,Ice Hockey,Ice Hockey,"WYMAN, Robert",GBR,Men,Ice Hockey,Gold
1936,Garmisch Partenkirchen,Ice Hockey,Ice Hockey,"DEACON, Maxwell Arnold",CAN,Men,Ice Hockey,Silver
1936,Garmisch Partenkirchen,Ice Hockey,Ice Hockey,"FARGUHARSON, Hugh",CAN,Men,Ice Hockey,Silver
1936,Garmisch Partenkirchen,Ice Hockey,Ice Hockey,"FARMER-HORN, Kenneth",CAN,Men,Ice Hockey,Silver
1936,Garmisch Partenkirchen,Ice Hockey,Ice Hockey,"HAGGARTY, James",CAN,Men,Ice Hockey,Silver
1936,Garmisch Partenkirchen,Ice Hockey,Ice Hockey,"KITCHEN, Walter",CAN,Men,Ice Hockey,Silver
1936,Garmisch Partenkirchen,Ice Hockey,Ice Hockey,"MILTON, Raymond",CAN,Men,Ice Hockey,Silver
1936,Garmisch Partenkirchen,Ice Hockey,Ice Hockey,"MOORE, Francis",CAN,Men,Ice Hockey,Silver
1936,Garmisch Partenkirchen,Ice Hockey,Ice Hockey,"MURRAY, Herman",CAN,Men,Ice Hockey,Silver
1936,Garmisch Partenkirchen,Ice Hockey,Ice Hockey,"NASH, Arthur",CAN,Men,Ice Hockey,Silver
1936,Garmisch Partenkirchen,Ice Hockey,Ice Hockey,"NEVILLE, David John",CAN,Men,Ice Hockey,Silver
1936,Garmisch Partenkirchen,Ice Hockey,Ice Hockey,"SINCLAIR, Alexander",CAN,Men,Ice Hockey,Silver
1936,Garmisch Partenkirchen,Ice Hockey,Ice Hockey,"ST.GERMAIN, Ralph",CAN,Men,Ice Hockey,Silver
1936,Garmisch Partenkirchen,Ice Hockey,Ice Hockey,"THOMSON, William",CAN,Men,Ice Hockey,Silver
1936,Garmisch Partenkirchen,Skating,Figure skating,"KASPAR, Felix",AUT,Men,Individual,Bronze
1936,Garmisch Partenkirchen,Skating,Figure skating,"SCHÃ„FER, Karl",AUT,Men,Individual,Gold
1936,Garmisch Partenkirchen,Skating,Figure skating,"BAIER, Ernst",GER,Men,Individual,Silver
1936,Garmisch Partenkirchen,Skating,Figure skating,"HULTEN, Vivi-Anne",SWE,Women,Individual,Bronze
1936,Garmisch Partenkirchen,Skating,Figure skating,"HENIE, Sonja",NOR,Women,Individual,Gold
1936,Garmisch Partenkirchen,Skating,Figure skating,"COLLEDGE, Cecilia",GBR,Women,Individual,Silver
1936,Garmisch Partenkirchen,Skating,Figure skating,"ROTTER, Emilia",HUN,Women,Pairs,Bronze
1936,Garmisch Partenkirchen,Skating,Figure skating,"SZOLLAS, Laszlo",HUN,Men,Pairs,Bronze
1936,Garmisch Partenkirchen,Skating,Figure skating,"BAIER, Ernst",GER,Men,Pairs,Gold
1936,Garmisch Partenkirchen,Skating,Figure skating,"HERBER, Maxi",GER,Women,Pairs,Gold
1936,Garmisch Partenkirchen,Skating,Figure skating,"PAUSIN, Erik",AUT,Men,Pairs,Silver
1936,Garmisch Partenkirchen,Skating,Figure skating,"PAUSIN, Ilse",AUT,Women,Pairs,Silver
1936,Garmisch Partenkirchen,Skating,Speed skating,"STIEPL, Max",AUT,Men,10000M,Bronze
1936,Garmisch Partenkirchen,Skating,Speed skating,"BALLANGRUD, Ivar",NOR,Men,10000M,Gold
1936,Garmisch Partenkirchen,Skating,Speed skating,"WASENIUS, Birger",FIN,Men,10000M,Silver
1936,Garmisch Partenkirchen,Skating,Speed skating,"WASENIUS, Birger",FIN,Men,1500M,Bronze
1936,Garmisch Partenkirchen,Skating,Speed skating,"MATHISEN, Charles",NOR,Men,1500M,Gold
1936,Garmisch Partenkirchen,Skating,Speed skating,"BALLANGRUD, Ivar",NOR,Men,1500M,Silver
1936,Garmisch Partenkirchen,Skating,Speed skating,"OJALA, Antero",FIN,Men,5000M,Bronze
1936,Garmisch Partenkirchen,Skating,Speed skating,"BALLANGRUD, Ivar",NOR,Men,5000M,Gold
1936,Garmisch Partenkirchen,Skating,Speed skating,"WASENIUS, Birger",FIN,Men,5000M,Silver
1936,Garmisch Partenkirchen,Skating,Speed skating,"FREISINGER, Leo",USA,Men,500M,Bronze
1936,Garmisch Partenkirchen,Skating,Speed skating,"BALLANGRUD, Ivar",NOR,Men,500M,Gold
1936,Garmisch Partenkirchen,Skating,Speed skating,"KROG, Georg",NOR,Men,500M,Silver
1936,Garmisch Partenkirchen,Skiing,Alpine Skiing,"ALLAIS, Emile",FRA,Men,Alpine Combined,Bronze
1936,Garmisch Partenkirchen,Skiing,Alpine Skiing,"PFNÃœR, Franz",GER,Men,Alpine Combined,Gold
1936,Garmisch Partenkirchen,Skiing,Alpine Skiing,"LANTSCHNER, Gustav",GER,Men,Alpine Combined,Silver
1936,Garmisch Partenkirchen,Skiing,Alpine Skiing,"SCHOU-NILSEN, Laila",NOR,Women,Alpine Combined,Bronze
1936,Garmisch Partenkirchen,Skiing,Alpine Skiing,"CRANZ, Christel",GER,Women,Alpine Combined,Gold
1936,Garmisch Partenkirchen,Skiing,Alpine Skiing,"GRASEGGER, KÃ_the",GER,Women,Alpine Combined,Silver
1936,Garmisch Partenkirchen,Skiing,Cross Country Skiing,"NIEMI, Pekka",FIN,Men,18KM,Bronze
1936,Garmisch Partenkirchen,Skiing,Cross Country Skiing,"LARSSON, Erik August",SWE,Men,18KM,Gold
1936,Garmisch Partenkirchen,Skiing,Cross Country Skiing,"HAGEN, Oddbjorn",NOR,Men,18KM,Silver
1936,Garmisch Partenkirchen,Skiing,Cross Country Skiing,"BERGER, John",SWE,Men,4X10KM Relay,Bronze
1936,Garmisch Partenkirchen,Skiing,Cross Country Skiing,"HÃ„GGBLAD, Artur",SWE,Men,4X10KM Relay,Bronze
1936,Garmisch Partenkirchen,Skiing,Cross Country Skiing,"LARSSON, Erik August",SWE,Men,4X10KM Relay,Bronze
1936,Garmisch Partenkirchen,Skiing,Cross Country Skiing,"MATSBO, Martin",SWE,Men,4X10KM Relay,Bronze
1936,Garmisch Partenkirchen,Skiing,Cross Country Skiing,"JALKANEN, Kalle",FIN,Men,4X10KM Relay,Gold
1936,Garmisch Partenkirchen,Skiing,Cross Country Skiing,"KARPPINEN, Klaus",FIN,Men,4X10KM Relay,Gold
1936,Garmisch Partenkirchen,Skiing,Cross Country Skiing,"LÃ„HDE, Matti",FIN,Men,4X10KM Relay,Gold
1936,Garmisch Partenkirchen,Skiing,Cross Country Skiing,"NURMELA, Sulo",FIN,Men,4X10KM Relay,Gold
1936,Garmisch Partenkirchen,Skiing,Cross Country Skiing,"BRODAHL, Sverre",NOR,Men,4X10KM Relay,Silver
1936,Garmisch Partenkirchen,Skiing,Cross Country Skiing,"HAGEN, Oddbjorn",NOR,Men,4X10KM Relay,Silver
1936,Garmisch Partenkirchen,Skiing,Cross Country Skiing,"HOFFSBAKKEN, Olaf",NOR,Men,4X10KM Relay,Silver
1936,Garmisch Partenkirchen,Skiing,Cross Country Skiing,"IVERSEN, Bjarne",NOR,Men,4X10KM Relay,Silver
1936,Garmisch Partenkirchen,Skiing,Cross Country Skiing,"ENGLUND, Nils-Joel",SWE,Men,50KM,Bronze
1936,Garmisch Partenkirchen,Skiing,Cross Country Skiing,"WIKLUND, Elis",SWE,Men,50KM,Gold
1936,Garmisch Partenkirchen,Skiing,Cross Country Skiing,"WIKSTRÃ–M, Axel",SWE,Men,50KM,Silver
1936,Garmisch Partenkirchen,Skiing,Nordic Combined,"BRODAHL, Sverre",NOR,Men,Individual,Bronze
1936,Garmisch Partenkirchen,Skiing,Nordic Combined,"HAGEN, Oddbjorn",NOR,Men,Individual,Gold
1936,Garmisch Partenkirchen,Skiing,Nordic Combined,"HOFFSBAKKEN, Olaf",NOR,Men,Individual,Silver
1936,Garmisch Partenkirchen,Skiing,Ski Jumping,"ANDERSEN, Reidar",NOR,Men,K90 Individual (70M),Bronze
1936,Garmisch Partenkirchen,Skiing,Ski Jumping,"RUUD, Birger",NOR,Men,K90 Individual (70M),Gold
1936,Garmisch Partenkirchen,Skiing,Ski Jumping,"ERIKSSON, Sven",SWE,Men,K90 Individual (70M),Silver
1948,St.Moritz,Bobsleigh,Bobsleigh,"BICKFORD, James John",USA,Men,Four-Man,Bronze
1948,St.Moritz,Bobsleigh,Bobsleigh,"DUPREE, Donald",USA,Men,Four-Man,Bronze
1948,St.Moritz,Bobsleigh,Bobsleigh,"DUPREE, William",USA,Men,Four-Man,Bronze
1948,St.Moritz,Bobsleigh,Bobsleigh,"HICKS, Thomas",USA,Men,Four-Man,Bronze
1948,St.Moritz,Bobsleigh,Bobsleigh,"D'AMICO, William",USA,Men,Four-Man,Gold
1948,St.Moritz,Bobsleigh,Bobsleigh,"MARTIN, Patrick Henry",USA,Men,Four-Man,Gold
1948,St.Moritz,Bobsleigh,Bobsleigh,"RIMKUS, Edward",USA,Men,Four-Man,Gold
1948,St.Moritz,Bobsleigh,Bobsleigh,"TYLER, Francis William",USA,Men,Four-Man,Gold
1948,St.Moritz,Bobsleigh,Bobsleigh,"HOUBEN, Max",BEL,Men,Four-Man,Silver
1948,St.Moritz,Bobsleigh,Bobsleigh,"MANSVELD, Freddy",BEL,Men,Four-Man,Silver
1948,St.Moritz,Bobsleigh,Bobsleigh,"MOUVET, Jacques",BEL,Men,Four-Man,Silver
1948,St.Moritz,Bobsleigh,Bobsleigh,"NIELS, Louis-Georges",BEL,Men,Four-Man,Silver
1948,St.Moritz,Bobsleigh,Bobsleigh,"CARRON, Schuyler",USA,Men,Two-Man,Bronze
1948,St.Moritz,Bobsleigh,Bobsleigh,"FORTUNE, Frederick Joseph",USA,Men,Two-Man,Bronze
1948,St.Moritz,Bobsleigh,Bobsleigh,"ENDRICH, Felix",SUI,Men,Two-Man,Gold
1948,St.Moritz,Bobsleigh,Bobsleigh,"WALLER, Friedrich",SUI,Men,Two-Man,Gold
1948,St.Moritz,Bobsleigh,Bobsleigh,"EBERHARD, Paul Hans",SUI,Men,Two-Man,Silver
1948,St.Moritz,Bobsleigh,Bobsleigh,"FEIERABEND, Fritz",SUI,Men,Two-Man,Silver
1948,St.Moritz,Bobsleigh,Skeleton,"CRAMMOND, John",GBR,Men,Individual,Bronze
1948,St.Moritz,Bobsleigh,Skeleton,"BIBBIA, Nino",ITA,Men,Individual,Gold
1948,St.Moritz,Bobsleigh,Skeleton,"HEATON, John",USA,Men,Individual,Silver
1948,St.Moritz,Ice Hockey,Ice Hockey,"BÃ„NNINGER, Hans",SUI,Men,Ice Hockey,Bronze
1948,St.Moritz,Ice Hockey,Ice Hockey,"BIELER, Alfred",SUI,Men,Ice Hockey,Bronze
1948,St.Moritz,Ice Hockey,Ice Hockey,"BOLLER, Heinrich",SUI,Men,Ice Hockey,Bronze
1948,St.Moritz,Ice Hockey,Ice Hockey,"CATTINI, Ferdinand",SUI,Men,Ice Hockey,Bronze
1948,St.Moritz,Ice Hockey,Ice Hockey,"CATTINI, Hans",SUI,Men,Ice Hockey,Bronze
1948,St.Moritz,Ice Hockey,Ice Hockey,"DÃœRST, Hans",SUI,Men,Ice Hockey,Bronze
1948,St.Moritz,Ice Hockey,Ice Hockey,"DÃœRST, Walter Paul",SUI,Men,Ice Hockey,Bronze
1948,St.Moritz,Ice Hockey,Ice Hockey,"HANDSCHIN, Emil",SUI,Men,Ice Hockey,Bronze
1948,St.Moritz,Ice Hockey,Ice Hockey,"LOHRER, Heini",SUI,Men,Ice Hockey,Bronze
1948,St.Moritz,Ice Hockey,Ice Hockey,"LOHRER, Werner",SUI,Men,Ice Hockey,Bronze
1948,St.Moritz,Ice Hockey,Ice Hockey,"PERL, Reto",SUI,Men,Ice Hockey,Bronze
1948,St.Moritz,Ice Hockey,Ice Hockey,"POLTERA, Gebhard",SUI,Men,Ice Hockey,Bronze
1948,St.Moritz,Ice Hockey,Ice Hockey,"POLTERA, Ulrich",SUI,Men,Ice Hockey,Bronze
1948,St.Moritz,Ice Hockey,Ice Hockey,"RÃœEDI, Beat",SUI,Men,Ice Hockey,Bronze
1948,St.Moritz,Ice Hockey,Ice Hockey,"SCHUBIGER, Otto",SUI,Men,Ice Hockey,Bronze
1948,St.Moritz,Ice Hockey,Ice Hockey,"TORRIANI, Richard",SUI,Men,Ice Hockey,Bronze
1948,St.Moritz,Ice Hockey,Ice Hockey,"TREPP, Hans",SUI,Men,Ice Hockey,Bronze
1948,St.Moritz,Ice Hockey,Ice Hockey,"BROOKS, H.",CAN,Men,Ice Hockey,Gold
1948,St.Moritz,Ice Hockey,Ice Hockey,"DOWEY, Murray Albert",CAN,Men,Ice Hockey,Gold
1948,St.Moritz,Ice Hockey,Ice Hockey,"DUNSTER, Bernard Frank",CAN,Men,Ice Hockey,Gold
1948,St.Moritz,Ice Hockey,Ice Hockey,"FORBES, R.A.",CAN,Men,Ice Hockey,Gold
1948,St.Moritz,Ice Hockey,Ice Hockey,"GILPIN, A.",CAN,Men,Ice Hockey,Gold
1948,St.Moritz,Ice Hockey,Ice Hockey,"GRAVELLE, Jean Orval",CAN,Men,Ice Hockey,Gold
1948,St.Moritz,Ice Hockey,Ice Hockey,"GUZZO, Patrick",CAN,Men,Ice Hockey,Gold
1948,St.Moritz,Ice Hockey,Ice Hockey,"HALDER, Walter Edwin",CAN,Men,Ice Hockey,Gold
1948,St.Moritz,Ice Hockey,Ice Hockey,"HIBBERD, Thomas Edward",CAN,Men,Ice Hockey,Gold
1948,St.Moritz,Ice Hockey,Ice Hockey,"KING, Ross",CAN,Men,Ice Hockey,Gold
1948,St.Moritz,Ice Hockey,Ice Hockey,"LAPERRIERE, Henri-AndrÃ©",CAN,Men,Ice Hockey,Gold
1948,St.Moritz,Ice Hockey,Ice Hockey,"LECOMPTE, John Howard",CAN,Men,Ice Hockey,Gold
1948,St.Moritz,Ice Hockey,Ice Hockey,"LEICHNITZ, J.",CAN,Men,Ice Hockey,Gold
1948,St.Moritz,Ice Hockey,Ice Hockey,"MARA, George Edward",CAN,Men,Ice Hockey,Gold
1948,St.Moritz,Ice Hockey,Ice Hockey,"RENAUD, Albert RomÃ©o",CAN,Men,Ice Hockey,Gold
1948,St.Moritz,Ice Hockey,Ice Hockey,"SCHROETER, Reginald John",CAN,Men,Ice Hockey,Gold
1948,St.Moritz,Ice Hockey,Ice Hockey,"TAYLOR, Irving",CAN,Men,Ice Hockey,Gold
1948,St.Moritz,Ice Hockey,Ice Hockey,"BOUZEK, Vladimir",TCH,Men,Ice Hockey,Silver
1948,St.Moritz,Ice Hockey,Ice Hockey,"BUBNIK, Gustav",TCH,Men,Ice Hockey,Silver
1948,St.Moritz,Ice Hockey,Ice Hockey,"DROBNY, Jaroslav",TCH,Men,Ice Hockey,Silver
1948,St.Moritz,Ice Hockey,Ice Hockey,"HAJNY, Premysl",TCH,Men,Ice Hockey,Silver
1948,St.Moritz,Ice Hockey,Ice Hockey,"JARKOVSKY, Zdenek",TCH,Men,Ice Hockey,Silver
1948,St.Moritz,Ice Hockey,Ice Hockey,"KOBRANOV, Vladimir",TCH,Men,Ice Hockey,Silver
1948,St.Moritz,Ice Hockey,Ice Hockey,"KONOPASEK, Stanislav",TCH,Men,Ice Hockey,Silver
1948,St.Moritz,Ice Hockey,Ice Hockey,"MODRY, Bohumil",TCH,Men,Ice Hockey,Silver
1948,St.Moritz,Ice Hockey,Ice Hockey,"POKORNY, Miloslav",TCH,Men,Ice Hockey,Silver
1948,St.Moritz,Ice Hockey,Ice Hockey,"ROZINAK, Vaclav",TCH,Men,Ice Hockey,Silver
1948,St.Moritz,Ice Hockey,Ice Hockey,"SLAMA, Miroslav",TCH,Men,Ice Hockey,Silver
1948,St.Moritz,Ice Hockey,Ice Hockey,"STIBOR, Karel",TCH,Men,Ice Hockey,Silver
1948,St.Moritz,Ice Hockey,Ice Hockey,"STOVIK, Vilibald",TCH,Men,Ice Hockey,Silver
1948,St.Moritz,Ice Hockey,Ice Hockey,"TROJAK, Ladislav",TCH,Men,Ice Hockey,Silver
1948,St.Moritz,Ice Hockey,Ice Hockey,"TROUSILEK, Josef",TCH,Men,Ice Hockey,Silver
1948,St.Moritz,Ice Hockey,Ice Hockey,"ZABRODSKY, Oldrich",TCH,Men,Ice Hockey,Silver
1948,St.Moritz,Ice Hockey,Ice Hockey,"ZABRODSKY, Vladimir",TCH,Men,Ice Hockey,Silver
1948,St.Moritz,Skating,Figure skating,"RADA, Edi",AUT,Men,Individual,Bronze
1948,St.Moritz,Skating,Figure skating,"BUTTON, Richard",USA,Men,Individual,Gold
1948,St.Moritz,Skating,Figure skating,"GERSCHWILER, Hans",SUI,Men,Individual,Silver
1948,St.Moritz,Skating,Figure skating,"ALTWEGG, Jeannette",GBR,Women,Individual,Bronze
1948,St.Moritz,Skating,Figure skating,"SCOTT, Barbara Ann",CAN,Women,Individual,Gold
1948,St.Moritz,Skating,Figure skating,"PAWLIK, Eva",AUT,Women,Individual,Silver
1948,St.Moritz,Skating,Figure skating,"DIESTELMEYER, Wallace",CAN,Men,Pairs,Bronze
1948,St.Moritz,Skating,Figure skating,"MORROW, Suzanne",CAN,Women,Pairs,Bronze
1948,St.Moritz,Skating,Figure skating,"BAUGNIET, Pierre",BEL,Men,Pairs,Gold
1948,St.Moritz,Skating,Figure skating,"LANNOY, Micheline",BEL,Women,Pairs,Gold
1948,St.Moritz,Skating,Figure skating,"KEKESSY, Andrea",HUN,Women,Pairs,Silver
1948,St.Moritz,Skating,Figure skating,"KIRALY, Ede",HUN,Men,Pairs,Silver
1948,St.Moritz,Skating,Speed skating,"LAMMIO, Pentti",FIN,Men,10000M,Bronze
1948,St.Moritz,Skating,Speed skating,"SEYFFARTH, Ake",SWE,Men,10000M,Gold
1948,St.Moritz,Skating,Speed skating,"PARKKINEN, Lauri",FIN,Men,10000M,Silver
1948,St.Moritz,Skating,Speed skating,"LUNDBERG, Odd",NOR,Men,1500M,Bronze
1948,St.Moritz,Skating,Speed skating,"FARSTAD, Sverre",NOR,Men,1500M,Gold
1948,St.Moritz,Skating,Speed skating,"SEYFFARTH, Ake",SWE,Men,1500M,Silver
1948,St.Moritz,Skating,Speed skating,"HEDLUND, GÃ¶the",SWE,Men,5000M,Bronze
1948,St.Moritz,Skating,Speed skating,"LIAKLEV, Reidar",NOR,Men,5000M,Gold
1948,St.Moritz,Skating,Speed skating,"LUNDBERG, Odd",NOR,Men,5000M,Silver
1948,St.Moritz,Skating,Speed skating,"HELGESEN, Finn",NOR,Men,500M,Gold
1948,St.Moritz,Skating,Speed skating,"BYBERG, Thomas",NOR,Men,500M,Silver
1948,St.Moritz,Skating,Speed skating,"BARTHELOMEW, Kenneth",USA,Men,500M,Silver
1948,St.Moritz,Skating,Speed skating,"FITZGERALD, Robert",USA,Men,500M,Silver
1948,St.Moritz,Skiing,Alpine Skiing,"COUTTET, James",FRA,Men,Alpine Combined,Bronze
1948,St.Moritz,Skiing,Alpine Skiing,"OREILLER, Henri",FRA,Men,Alpine Combined,Gold
1948,St.Moritz,Skiing,Alpine Skiing,"MOLITOR, Karl",SUI,Men,Alpine Combined,Silver
1948,St.Moritz,Skiing,Alpine Skiing,"MAHRINGER, Erika",AUT,Women,Alpine Combined,Bronze
1948,St.Moritz,Skiing,Alpine Skiing,"BEISER-JOCHUM, Trude",AUT,Women,Alpine Combined,Gold
1948,St.Moritz,Skiing,Alpine Skiing,"FRASER, Gretchen",USA,Women,Alpine Combined,Silver
1948,St.Moritz,Skiing,Alpine Skiing,"MOLITOR, Karl",SUI,Men,Downhill,Bronze
1948,St.Moritz,Skiing,Alpine Skiing,"OLINGER, Rolf",SUI,Men,Downhill,Bronze
1948,St.Moritz,Skiing,Alpine Skiing,"OREILLER, Henri",FRA,Men,Downhill,Gold
1948,St.Moritz,Skiing,Alpine Skiing,"GABL, Franz",AUT,Men,Downhill,Silver
1948,St.Moritz,Skiing,Alpine Skiing,"HAMMERER, Resi",AUT,Women,Downhill,Bronze
1948,St.Moritz,Skiing,Alpine Skiing,"SCHLUNEGGER, Hedy",SUI,Women,Downhill,Gold
1948,St.Moritz,Skiing,Alpine Skiing,"BEISER-JOCHUM, Trude",AUT,Women,Downhill,Silver
1948,St.Moritz,Skiing,Alpine Skiing,"OREILLER, Henri",FRA,Men,Slalom,Bronze
1948,St.Moritz,Skiing,Alpine Skiing,"REINALTER, Edi",SUI,Men,Slalom,Gold
1948,St.Moritz,Skiing,Alpine Skiing,"COUTTET, James",FRA,Men,Slalom,Silver
1948,St.Moritz,Skiing,Alpine Skiing,"MAHRINGER, Erika",AUT,Women,Slalom,Bronze
1948,St.Moritz,Skiing,Alpine Skiing,"FRASER, Gretchen",USA,Women,Slalom,Gold
1948,St.Moritz,Skiing,Alpine Skiing,"MEYER, Antoinette",SUI,Women,Slalom,Silver
1948,St.Moritz,Skiing,Cross Country Skiing,"ERIKSSON, Gunnar",SWE,Men,18KM,Bronze
1948,St.Moritz,Skiing,Cross Country Skiing,"LUNDSTRÃ–M, Martin",SWE,Men,18KM,Gold
1948,St.Moritz,Skiing,Cross Country Skiing,"Ã–STENSSON, Nils",SWE,Men,18KM,Silver
1948,St.Moritz,Skiing,Cross Country Skiing,"EVENSEN, Erling",NOR,Men,4X10KM Relay,Bronze
1948,St.Moritz,Skiing,Cross Country Skiing,"HAGEN, Olav I.",NOR,Men,4X10KM Relay,Bronze
1948,St.Moritz,Skiing,Cross Country Skiing,"NYBORG, Reidar",NOR,Men,4X10KM Relay,Bronze
1948,St.Moritz,Skiing,Cross Country Skiing,"Ã–KERN, Olav",NOR,Men,4X10KM Relay,Bronze
1948,St.Moritz,Skiing,Cross Country Skiing,"ERIKSSON, Gunnar",SWE,Men,4X10KM Relay,Gold
1948,St.Moritz,Skiing,Cross Country Skiing,"LUNDSTRÃ–M, Martin",SWE,Men,4X10KM Relay,Gold
1948,St.Moritz,Skiing,Cross Country Skiing,"Ã–STENSSON, Nils",SWE,Men,4X10KM Relay,Gold
1948,St.Moritz,Skiing,Cross Country Skiing,"TÃ„PP, Nils",SWE,Men,4X10KM Relay,Gold
1948,St.Moritz,Skiing,Cross Country Skiing,"KIURU, August",FIN,Men,4X10KM Relay,Silver
1948,St.Moritz,Skiing,Cross Country Skiing,"LAUKKANEN, Teuvo",FIN,Men,4X10KM Relay,Silver
1948,St.Moritz,Skiing,Cross Country Skiing,"RYTKY, Sauli",FIN,Men,4X10KM Relay,Silver
1948,St.Moritz,Skiing,Cross Country Skiing,"SILVENNOINEN, Lauri",FIN,Men,4X10KM Relay,Silver
1948,St.Moritz,Skiing,Cross Country Skiing,"VANNINEN, Benjamin",FIN,Men,50KM,Bronze
1948,St.Moritz,Skiing,Cross Country Skiing,"KARLSSON, Nils",SWE,Men,50KM,Gold
1948,St.Moritz,Skiing,Cross Country Skiing,"ERIKSSON, Harald",SWE,Men,50KM,Silver
1948,St.Moritz,Skiing,Nordic Combined,"ISRAELSSON, Sven",SWE,Men,Individual,Bronze
1948,St.Moritz,Skiing,Nordic Combined,"HASU, Heikki",FIN,Men,Individual,Gold
1948,St.Moritz,Skiing,Nordic Combined,"HUHTALA, Martti",FIN,Men,Individual,Silver
1948,St.Moritz,Skiing,Ski Jumping,"SCHJELDERUP, Thorleif",NOR,Men,K90 Individual (70M),Bronze
1948,St.Moritz,Skiing,Ski Jumping,"HUGSTED, Petter",NOR,Men,K90 Individual (70M),Gold
1948,St.Moritz,Skiing,Ski Jumping,"RUUD, Birger",NOR,Men,K90 Individual (70M),Silver
1952,Oslo,Bobsleigh,Bobsleigh,"FEIERABEND, Fritz",SUI,Men,Four-Man,Bronze
1952,Oslo,Bobsleigh,Bobsleigh,"FILIPPINI, AndrÃ©",SUI,Men,Four-Man,Bronze
1952,Oslo,Bobsleigh,Bobsleigh,"MADÃ–RIN, Albert",SUI,Men,Four-Man,Bronze
1952,Oslo,Bobsleigh,Bobsleigh,"WASER, Stephan",SUI,Men,Four-Man,Bronze
1952,Oslo,Bobsleigh,Bobsleigh,"KEMSER, Franz",FRG,Men,Four-Man,Gold
1952,Oslo,Bobsleigh,Bobsleigh,"KUHN, Friedrich",FRG,Men,Four-Man,Gold
1952,Oslo,Bobsleigh,Bobsleigh,"NIEBERL, Lorenz",FRG,Men,Four-Man,Gold
1952,Oslo,Bobsleigh,Bobsleigh,"OSTLER, Andreas",FRG,Men,Four-Man,Gold
1952,Oslo,Bobsleigh,Bobsleigh,"ATKINSON, James Neil",USA,Men,Four-Man,Silver
1952,Oslo,Bobsleigh,Bobsleigh,"BENHAM, Stanley Delong",USA,Men,Four-Man,Silver
1952,Oslo,Bobsleigh,Bobsleigh,"CROSSETT, Howard Wallace",USA,Men,Four-Man,Silver
1952,Oslo,Bobsleigh,Bobsleigh,"MARTIN, Patrick Henry",USA,Men,Four-Man,Silver
1952,Oslo,Bobsleigh,Bobsleigh,"FEIERABEND, Fritz",SUI,Men,Two-Man,Bronze
1952,Oslo,Bobsleigh,Bobsleigh,"WASER, Stephan",SUI,Men,Two-Man,Bronze
1952,Oslo,Bobsleigh,Bobsleigh,"NIEBERL, Lorenz",FRG,Men,Two-Man,Gold
1952,Oslo,Bobsleigh,Bobsleigh,"OSTLER, Andreas",FRG,Men,Two-Man,Gold
1952,Oslo,Bobsleigh,Bobsleigh,"BENHAM, Stanley Delong",USA,Men,Two-Man,Silver
1952,Oslo,Bobsleigh,Bobsleigh,"MARTIN, Patrick Henry",USA,Men,Two-Man,Silver
1952,Oslo,Ice Hockey,Ice Hockey,"ALMQVIST, GÃ¶te",SWE,Men,Ice Hockey,Bronze
1952,Oslo,Ice Hockey,Ice Hockey,"ANDERSSON, Ake",SWE,Men,Ice Hockey,Bronze
1952,Oslo,Ice Hockey,Ice Hockey,"ANDERSSON-TVILLING, Hans Lennart",SWE,Men,Ice Hockey,Bronze
1952,Oslo,Ice Hockey,Ice Hockey,"ANDERSSON-TVILLING, Stig Gunnar",SWE,Men,Ice Hockey,Bronze
1952,Oslo,Ice Hockey,Ice Hockey,"BJÃ–RN, Lars Gunnar",SWE,Men,Ice Hockey,Bronze
1952,Oslo,Ice Hockey,Ice Hockey,"BLOMQVIST, GÃƒÂ¶te",SWE,Men,Ice Hockey,Bronze
1952,Oslo,Ice Hockey,Ice Hockey,"FLODQVIST, Thord",SWE,Men,Ice Hockey,Bronze
1952,Oslo,Ice Hockey,Ice Hockey,"JOHANSSON, Erik",SWE,Men,Ice Hockey,Bronze
1952,Oslo,Ice Hockey,Ice Hockey,"JOHANSSON, GÃ¶sta",SWE,Men,Ice Hockey,Bronze
1952,Oslo,Ice Hockey,Ice Hockey,"JOHANSSON, Rune",SWE,Men,Ice Hockey,Bronze
1952,Oslo,Ice Hockey,Ice Hockey,"JOHANSSON-TUMBA, Sven Olof",SWE,Men,Ice Hockey,Bronze
1952,Oslo,Ice Hockey,Ice Hockey,"LASSAS, Erik Ake",SWE,Men,Ice Hockey,Bronze
1952,Oslo,Ice Hockey,Ice Hockey,"NURMELA, Holger",SWE,Men,Ice Hockey,Bronze
1952,Oslo,Ice Hockey,Ice Hockey,"Ã–BERG, Hans Andreas",SWE,Men,Ice Hockey,Bronze
1952,Oslo,Ice Hockey,Ice Hockey,"PETTERSSON, Lars",SWE,Men,Ice Hockey,Bronze
1952,Oslo,Ice Hockey,Ice Hockey,"SVENSSON, Lars Ake",SWE,Men,Ice Hockey,Bronze
1952,Oslo,Ice Hockey,Ice Hockey,"THUNMAN, Sven",SWE,Men,Ice Hockey,Bronze
1952,Oslo,Ice Hockey,Ice Hockey,"ABEL, George Gordon",CAN,Men,Ice Hockey,Gold
1952,Oslo,Ice Hockey,Ice Hockey,"DAVIES, John Francis",CAN,Men,Ice Hockey,Gold
1952,Oslo,Ice Hockey,Ice Hockey,"DAWE, Billie",CAN,Men,Ice Hockey,Gold
1952,Oslo,Ice Hockey,Ice Hockey,"DICKSON, Robert Bruce",CAN,Men,Ice Hockey,Gold
1952,Oslo,Ice Hockey,Ice Hockey,"GAUF, Donald Valentine",CAN,Men,Ice Hockey,Gold
1952,Oslo,Ice Hockey,Ice Hockey,"GIBSON, William James",CAN,Men,Ice Hockey,Gold
1952,Oslo,Ice Hockey,Ice Hockey,"HANSCH, Ralph Lawrence",CAN,Men,Ice Hockey,Gold
1952,Oslo,Ice Hockey,Ice Hockey,"MEYERS, Robert Roderick",CAN,Men,Ice Hockey,Gold
1952,Oslo,Ice Hockey,Ice Hockey,"MILLER, David Engelberg",CAN,Men,Ice Hockey,Gold
1952,Oslo,Ice Hockey,Ice Hockey,"PATERSON, Eric Evan",CAN,Men,Ice Hockey,Gold
1952,Oslo,Ice Hockey,Ice Hockey,"POLLOCK, Thomas Allen",CAN,Men,Ice Hockey,Gold
1952,Oslo,Ice Hockey,Ice Hockey,"PURVIS, Alan Ruggles",CAN,Men,Ice Hockey,Gold
1952,Oslo,Ice Hockey,Ice Hockey,"ROBERTSON, Gordon",CAN,Men,Ice Hockey,Gold
1952,Oslo,Ice Hockey,Ice Hockey,"SECCO, Louis John",CAN,Men,Ice Hockey,Gold
1952,Oslo,Ice Hockey,Ice Hockey,"SULLIVAN, Francis Cornelius",CAN,Men,Ice Hockey,Gold
1952,Oslo,Ice Hockey,Ice Hockey,"WATT, Robert",CAN,Men,Ice Hockey,Gold
1952,Oslo,Ice Hockey,Ice Hockey,"BJORKMAN, Ruben Eugene",USA,Men,Ice Hockey,Silver
1952,Oslo,Ice Hockey,Ice Hockey,"CEGLARSKI, Leonard Stanley",USA,Men,Ice Hockey,Silver
1952,Oslo,Ice Hockey,Ice Hockey,"CZARNOTA, Joseph John",USA,Men,Ice Hockey,Silver
1952,Oslo,Ice Hockey,Ice Hockey,"DESMOND, Richard Joseph",USA,Men,Ice Hockey,Silver
1952,Oslo,Ice Hockey,Ice Hockey,"GAMBUCCI, AndrÃ© Peter",USA,Men,Ice Hockey,Silver
1952,Oslo,Ice Hockey,Ice Hockey,"HARRISON, Clifford",USA,Men,Ice Hockey,Silver
1952,Oslo,Ice Hockey,Ice Hockey,"KILMARTIN, Gerald Walsh",USA,Men,Ice Hockey,Silver
1952,Oslo,Ice Hockey,Ice Hockey,"MULHERN, John Francis",USA,Men,Ice Hockey,Silver
1952,Oslo,Ice Hockey,Ice Hockey,"NOAH, John Michael",USA,Men,Ice Hockey,Silver
1952,Oslo,Ice Hockey,Ice Hockey,"OSS, Arnold Carl",USA,Men,Ice Hockey,Silver
1952,Oslo,Ice Hockey,Ice Hockey,"ROMPRE, Robert Edward",USA,Men,Ice Hockey,Silver
1952,Oslo,Ice Hockey,Ice Hockey,"SEDIN, James Walter",USA,Men,Ice Hockey,Silver
1952,Oslo,Ice Hockey,Ice Hockey,"VAN ALLEN, Alfred",USA,Men,Ice Hockey,Silver
1952,Oslo,Ice Hockey,Ice Hockey,"WHISTON, Donald Francis",USA,Men,Ice Hockey,Silver
1952,Oslo,Ice Hockey,Ice Hockey,"YACKEL, Kenneth James",USA,Men,Ice Hockey,Silver
1952,Oslo,Skating,Figure skating,"GROGAN, James",USA,Men,Individual,Bronze
1952,Oslo,Skating,Figure skating,"BUTTON, Richard",USA,Men,Individual,Gold
1952,Oslo,Skating,Figure skating,"SEIBT, Hellmut",AUT,Men,Individual,Silver
1952,Oslo,Skating,Figure skating,"DU BIEF, Jacqueline",FRA,Women,Individual,Bronze
1952,Oslo,Skating,Figure skating,"ALTWEGG, Jeannette",GBR,Women,Individual,Gold
1952,Oslo,Skating,Figure skating,"ALBRIGHT, Tenley",USA,Women,Individual,Silver
1952,Oslo,Skating,Figure skating,"NAGY, Laszlo",HUN,Men,Pairs,Bronze
1952,Oslo,Skating,Figure skating,"NAGY, Marianna",HUN,Women,Pairs,Bronze
1952,Oslo,Skating,Figure skating,"FALK, Paul",FRG,Men,Pairs,Gold
1952,Oslo,Skating,Figure skating,"FALK, Ria",FRG,Women,Pairs,Gold
1952,Oslo,Skating,Figure skating,"KENNEDY, Karol",USA,Women,Pairs,Silver
1952,Oslo,Skating,Figure skating,"KENNEDY, Michael",USA,Men,Pairs,Silver
1952,Oslo,Skating,Speed skating,"ASPLUND, Carl-Erik",SWE,Men,10000M,Bronze
1952,Oslo,Skating,Speed skating,"ANDERSEN, Hjalmar",NOR,Men,10000M,Gold
1952,Oslo,Skating,Speed skating,"BROEKMAN, Cornelis",NED,Men,10000M,Silver
1952,Oslo,Skating,Speed skating,"AAS, Roald",NOR,Men,1500M,Bronze
1952,Oslo,Skating,Speed skating,"ANDERSEN, Hjalmar",NOR,Men,1500M,Gold
1952,Oslo,Skating,Speed skating,"VAN DER VOORT, Willem",NED,Men,1500M,Silver
1952,Oslo,Skating,Speed skating,"HAUGLI, Sverre",NOR,Men,5000M,Bronze
1952,Oslo,Skating,Speed skating,"ANDERSEN, Hjalmar",NOR,Men,5000M,Gold
1952,Oslo,Skating,Speed skating,"BROEKMAN, Cornelis",NED,Men,5000M,Silver
1952,Oslo,Skating,Speed skating,"AUDLEY, Gordon",CAN,Men,500M,Bronze
1952,Oslo,Skating,Speed skating,"JOHANSEN, Arne",NOR,Men,500M,Bronze
1952,Oslo,Skating,Speed skating,"HENRY, Kenneth",USA,Men,500M,Gold
1952,Oslo,Skating,Speed skating,"MCDERMOTT, Donald",USA,Men,500M,Silver
1952,Oslo,Skiing,Alpine Skiing,"PRAVDA, Christian",AUT,Men,Downhill,Bronze
1952,Oslo,Skiing,Alpine Skiing,"COLO, Zeno",ITA,Men,Downhill,Gold
1952,Oslo,Skiing,Alpine Skiing,"SCHNEIDER, Othmar",AUT,Men,Downhill,Silver
1952,Oslo,Skiing,Alpine Skiing,"MINUZZO CHENAL, Giuliana",ITA,Women,Downhill,Bronze
1952,Oslo,Skiing,Alpine Skiing,"BEISER-JOCHUM, Trude",AUT,Women,Downhill,Gold
1952,Oslo,Skiing,Alpine Skiing,"BUCHNER, Mirl",FRG,Women,Downhill,Silver
1952,Oslo,Skiing,Alpine Skiing,"SPIESS, Toni",AUT,Men,Giant Slalom,Bronze
1952,Oslo,Skiing,Alpine Skiing,"ERIKSEN, Stein",NOR,Men,Giant Slalom,Gold
1952,Oslo,Skiing,Alpine Skiing,"PRAVDA, Christian",AUT,Men,Giant Slalom,Silver
1952,Oslo,Skiing,Alpine Skiing,"BUCHNER, Mirl",FRG,Women,Giant Slalom,Bronze
1952,Oslo,Skiing,Alpine Skiing,"MEAD LAWRENCE, Andrea",USA,Women,Giant Slalom,Gold
1952,Oslo,Skiing,Alpine Skiing,"ROM, Dagmar",AUT,Women,Giant Slalom,Silver
1952,Oslo,Skiing,Alpine Skiing,"BERGE, Guttorm",NOR,Men,Slalom,Bronze
1952,Oslo,Skiing,Alpine Skiing,"SCHNEIDER, Othmar",AUT,Men,Slalom,Gold
1952,Oslo,Skiing,Alpine Skiing,"ERIKSEN, Stein",NOR,Men,Slalom,Silver
1952,Oslo,Skiing,Alpine Skiing,"BUCHNER, Mirl",FRG,Women,Slalom,Bronze
1952,Oslo,Skiing,Alpine Skiing,"MEAD LAWRENCE, Andrea",USA,Women,Slalom,Gold
1952,Oslo,Skiing,Alpine Skiing,"REICHERT, Ossi",FRG,Women,Slalom,Silver
1952,Oslo,Skiing,Cross Country Skiing,"RANTANEN, Siiri",FIN,Women,10KM,Bronze
1952,Oslo,Skiing,Cross Country Skiing,"WIDEMAN, Lydia",FIN,Women,10KM,Gold
1952,Oslo,Skiing,Cross Country Skiing,"HIETAMIES, Mirja",FIN,Women,10KM,Silver
1952,Oslo,Skiing,Cross Country Skiing,"LONKILA, Paavo",FIN,Men,18KM,Bronze
1952,Oslo,Skiing,Cross Country Skiing,"BRENDEN, Hallgeir",NOR,Men,18KM,Gold
1952,Oslo,Skiing,Cross Country Skiing,"MÃ„KELÃ„, Tapio",FIN,Men,18KM,Silver
1952,Oslo,Skiing,Cross Country Skiing,"ANDERSSON, Sigurd",SWE,Men,4X10KM Relay,Bronze
1952,Oslo,Skiing,Cross Country Skiing,"JOSEFSSON, Enar",SWE,Men,4X10KM Relay,Bronze
1952,Oslo,Skiing,Cross Country Skiing,"LUNDSTRÃ–M, Martin",SWE,Men,4X10KM Relay,Bronze
1952,Oslo,Skiing,Cross Country Skiing,"TÃ„PP, Nils",SWE,Men,4X10KM Relay,Bronze
1952,Oslo,Skiing,Cross Country Skiing,"HASU, Heikki",FIN,Men,4X10KM Relay,Gold
1952,Oslo,Skiing,Cross Country Skiing,"KORHONEN, Urpo",FIN,Men,4X10KM Relay,Gold
1952,Oslo,Skiing,Cross Country Skiing,"LONKILA, Paavo",FIN,Men,4X10KM Relay,Gold
1952,Oslo,Skiing,Cross Country Skiing,"MÃ„KELÃ„, Tapio",FIN,Men,4X10KM Relay,Gold
1952,Oslo,Skiing,Cross Country Skiing,"BRENDEN, Hallgeir",NOR,Men,4X10KM Relay,Silver
1952,Oslo,Skiing,Cross Country Skiing,"ESTENSTAD, Magnar",NOR,Men,4X10KM Relay,Silver
1952,Oslo,Skiing,Cross Country Skiing,"KIRKHOLT, Mikal",NOR,Men,4X10KM Relay,Silver
1952,Oslo,Skiing,Cross Country Skiing,"STOKKEN, Martin",NOR,Men,4X10KM Relay,Silver
1952,Oslo,Skiing,Cross Country Skiing,"ESTENSTAD, Magnar",NOR,Men,50KM,Bronze
1952,Oslo,Skiing,Cross Country Skiing,"HAKULINEN, Veikko",FIN,Men,50KM,Gold
1952,Oslo,Skiing,Cross Country Skiing,"KOLEHMAINEN, Eero",FIN,Men,50KM,Silver
1952,Oslo,Skiing,Nordic Combined,"STENERSEN, Sverre",NOR,Men,Individual,Bronze
1952,Oslo,Skiing,Nordic Combined,"SLATTVIK, Simon",NOR,Men,Individual,Gold
1952,Oslo,Skiing,Nordic Combined,"HASU, Heikki",FIN,Men,Individual,Silver
1952,Oslo,Skiing,Ski Jumping,"HOLMSTRÃ–M, Karl",SWE,Men,K90 Individual (70M),Bronze
1952,Oslo,Skiing,Ski Jumping,"BERGMANN, Arnfinn",NOR,Men,K90 Individual (70M),Gold
1952,Oslo,Skiing,Ski Jumping,"FALKANGER, Torbjorn",NOR,Men,K90 Individual (70M),Silver
1956,Cortina d'Ampezzo,Bobsleigh,Bobsleigh,"BUTLER, Charles",USA,Men,Four-Man,Bronze
1956,Cortina d'Ampezzo,Bobsleigh,Bobsleigh,"DODGE, William L.",USA,Men,Four-Man,Bronze
1956,Cortina d'Ampezzo,Bobsleigh,Bobsleigh,"LAMY, James Ernest",USA,Men,Four-Man,Bronze
1956,Cortina d'Ampezzo,Bobsleigh,Bobsleigh,"TYLER, Arthur W.",USA,Men,Four-Man,Bronze
1956,Cortina d'Ampezzo,Bobsleigh,Bobsleigh,"ALT, Robert",SUI,Men,Four-Man,Gold
1956,Cortina d'Ampezzo,Bobsleigh,Bobsleigh,"ANGST, Heinrich",SUI,Men,Four-Man,Gold
1956,Cortina d'Ampezzo,Bobsleigh,Bobsleigh,"DIENER, Gottfried",SUI,Men,Four-Man,Gold
1956,Cortina d'Ampezzo,Bobsleigh,Bobsleigh,"KAPUS, Franz",SUI,Men,Four-Man,Gold
1956,Cortina d'Ampezzo,Bobsleigh,Bobsleigh,"ALVERA, Renzo",ITA,Men,Four-Man,Silver
1956,Cortina d'Ampezzo,Bobsleigh,Bobsleigh,"GIRARDI, Ulrico",ITA,Men,Four-Man,Silver
1956,Cortina d'Ampezzo,Bobsleigh,Bobsleigh,"MOCELLINI, Renato",ITA,Men,Four-Man,Silver
1956,Cortina d'Ampezzo,Bobsleigh,Bobsleigh,"MONTI, Eugenio",ITA,Men,Four-Man,Silver
1956,Cortina d'Ampezzo,Bobsleigh,Bobsleigh,"ANGST, Max",SUI,Men,Two-Man,Bronze
1956,Cortina d'Ampezzo,Bobsleigh,Bobsleigh,"WARBURTON, Harry",SUI,Men,Two-Man,Bronze
1956,Cortina d'Ampezzo,Bobsleigh,Bobsleigh,"CONTI, Giacomo",ITA,Men,Two-Man,Gold
1956,Cortina d'Ampezzo,Bobsleigh,Bobsleigh,"DALLA COSTA, Lamberto",ITA,Men,Two-Man,Gold
1956,Cortina d'Ampezzo,Bobsleigh,Bobsleigh,"ALVERA, Renzo",ITA,Men,Two-Man,Silver
1956,Cortina d'Ampezzo,Bobsleigh,Bobsleigh,"MONTI, Eugenio",ITA,Men,Two-Man,Silver
1956,Cortina d'Ampezzo,Ice Hockey,Ice Hockey,"BRODEUR, Denis",CAN,Men,Ice Hockey,Bronze
1956,Cortina d'Ampezzo,Ice Hockey,Ice Hockey,"BROOKER, Charles",CAN,Men,Ice Hockey,Bronze
1956,Cortina d'Ampezzo,Ice Hockey,Ice Hockey,"COLVIN, William",CAN,Men,Ice Hockey,Bronze
1956,Cortina d'Ampezzo,Ice Hockey,Ice Hockey,"HORNE, Alfred James",CAN,Men,Ice Hockey,Bronze
1956,Cortina d'Ampezzo,Ice Hockey,Ice Hockey,"HURST, Arthur",CAN,Men,Ice Hockey,Bronze
1956,Cortina d'Ampezzo,Ice Hockey,Ice Hockey,"KLINCK, Byrle",CAN,Men,Ice Hockey,Bronze
1956,Cortina d'Ampezzo,Ice Hockey,Ice Hockey,"KNOX, Paul",CAN,Men,Ice Hockey,Bronze
1956,Cortina d'Ampezzo,Ice Hockey,Ice Hockey,"LAUFMAN, Kenneth",CAN,Men,Ice Hockey,Bronze
1956,Cortina d'Ampezzo,Ice Hockey,Ice Hockey,"LEE, Howard Stewart",CAN,Men,Ice Hockey,Bronze
1956,Cortina d'Ampezzo,Ice Hockey,Ice Hockey,"LOGAN, James",CAN,Men,Ice Hockey,Bronze
1956,Cortina d'Ampezzo,Ice Hockey,Ice Hockey,"MARTIN, Floyd",CAN,Men,Ice Hockey,Bronze
1956,Cortina d'Ampezzo,Ice Hockey,Ice Hockey,"MCKENZIE, John A.",CAN,Men,Ice Hockey,Bronze
1956,Cortina d'Ampezzo,Ice Hockey,Ice Hockey,"ROPE, Donald",CAN,Men,Ice Hockey,Bronze
1956,Cortina d'Ampezzo,Ice Hockey,Ice Hockey,"SCHOLES, George",CAN,Men,Ice Hockey,Bronze
1956,Cortina d'Ampezzo,Ice Hockey,Ice Hockey,"THEBERGE, Gerry",CAN,Men,Ice Hockey,Bronze
1956,Cortina d'Ampezzo,Ice Hockey,Ice Hockey,"WHITE, Robert",CAN,Men,Ice Hockey,Bronze
1956,Cortina d'Ampezzo,Ice Hockey,Ice Hockey,"WOODALL, Keith Eugene",CAN,Men,Ice Hockey,Bronze
1956,Cortina d'Ampezzo,Ice Hockey,Ice Hockey,"BABICH, Evgeniy",URS,Men,Ice Hockey,Gold
1956,Cortina d'Ampezzo,Ice Hockey,Ice Hockey,"BOBROV, Vsevolod",URS,Men,Ice Hockey,Gold
1956,Cortina d'Ampezzo,Ice Hockey,Ice Hockey,"GURYSHEV, Aleksey",URS,Men,Ice Hockey,Gold
1956,Cortina d'Ampezzo,Ice Hockey,Ice Hockey,"KHLYSTOV, NikolaÃ¯",URS,Men,Ice Hockey,Gold
1956,Cortina d'Ampezzo,Ice Hockey,Ice Hockey,"KOUZINE, Valentin",URS,Men,Ice Hockey,Gold
1956,Cortina d'Ampezzo,Ice Hockey,Ice Hockey,"KRYLOV, Yuri",URS,Men,Ice Hockey,Gold
1956,Cortina d'Ampezzo,Ice Hockey,Ice Hockey,"KUCHEVSKIY, Alfred",URS,Men,Ice Hockey,Gold
1956,Cortina d'Ampezzo,Ice Hockey,Ice Hockey,"MKRTCHAN, Grigori",URS,Men,Ice Hockey,Gold
1956,Cortina d'Ampezzo,Ice Hockey,Ice Hockey,"NIKIFOROV, Viktor",URS,Men,Ice Hockey,Gold
1956,Cortina d'Ampezzo,Ice Hockey,Ice Hockey,"PANTJUKHOV, Yuri",URS,Men,Ice Hockey,Gold
1956,Cortina d'Ampezzo,Ice Hockey,Ice Hockey,"PUCHKOV, NikolaÃ¯",URS,Men,Ice Hockey,Gold
1956,Cortina d'Ampezzo,Ice Hockey,Ice Hockey,"SHUVALOV, Viktor",URS,Men,Ice Hockey,Gold
1956,Cortina d'Ampezzo,Ice Hockey,Ice Hockey,"SIDORENKOV, Genrikh",URS,Men,Ice Hockey,Gold
1956,Cortina d'Ampezzo,Ice Hockey,Ice Hockey,"SOLOGUBOV, NikolaÃ¯",URS,Men,Ice Hockey,Gold
1956,Cortina d'Ampezzo,Ice Hockey,Ice Hockey,"TREGUBOV, Ivan",URS,Men,Ice Hockey,Gold
1956,Cortina d'Ampezzo,Ice Hockey,Ice Hockey,"UKOLOV, Dimitri",URS,Men,Ice Hockey,Gold
1956,Cortina d'Ampezzo,Ice Hockey,Ice Hockey,"UVAROV, Aleksandr",URS,Men,Ice Hockey,Gold
1956,Cortina d'Ampezzo,Ice Hockey,Ice Hockey,"ANDERSON, Wendell Richard",USA,Men,Ice Hockey,Silver
1956,Cortina d'Ampezzo,Ice Hockey,Ice Hockey,"BURTNETT, Wellington Parker",USA,Men,Ice Hockey,Silver
1956,Cortina d'Ampezzo,Ice Hockey,Ice Hockey,"CAMPBELL, Eugene Edward",USA,Men,Ice Hockey,Silver
1956,Cortina d'Ampezzo,Ice Hockey,Ice Hockey,"CHRISTIAN, Gordon Eugene",USA,Men,Ice Hockey,Silver
1956,Cortina d'Ampezzo,Ice Hockey,Ice Hockey,"CLEARY, William John",USA,Men,Ice Hockey,Silver
1956,Cortina d'Ampezzo,Ice Hockey,Ice Hockey,"DOUGHERTY, Richard Leo",USA,Men,Ice Hockey,Silver
1956,Cortina d'Ampezzo,Ice Hockey,Ice Hockey,"IKOLA, Willard John",USA,Men,Ice Hockey,Silver
1956,Cortina d'Ampezzo,Ice Hockey,Ice Hockey,"MATCHEFTS, John Peter",USA,Men,Ice Hockey,Silver
1956,Cortina d'Ampezzo,Ice Hockey,Ice Hockey,"MAYASICH, John Edward",USA,Men,Ice Hockey,Silver
1956,Cortina d'Ampezzo,Ice Hockey,Ice Hockey,"MCKINNON, Daniel Duncan",USA,Men,Ice Hockey,Silver
1956,Cortina d'Ampezzo,Ice Hockey,Ice Hockey,"MEREDITH, Richard Otis",USA,Men,Ice Hockey,Silver
1956,Cortina d'Ampezzo,Ice Hockey,Ice Hockey,"OLSON, Weldon Howard",USA,Men,Ice Hockey,Silver
1956,Cortina d'Ampezzo,Ice Hockey,Ice Hockey,"PETTROSKE, John Edward",USA,Men,Ice Hockey,Silver
1956,Cortina d'Ampezzo,Ice Hockey,Ice Hockey,"PURPUR, Kenneth Richard",USA,Men,Ice Hockey,Silver
1956,Cortina d'Ampezzo,Ice Hockey,Ice Hockey,"RIGAZIO, Donald Edmund",USA,Men,Ice Hockey,Silver
1956,Cortina d'Ampezzo,Ice Hockey,Ice Hockey,"RODENHEISER, Richard Peter",USA,Men,Ice Hockey,Silver
1956,Cortina d'Ampezzo,Ice Hockey,Ice Hockey,"SAMPSON, Edward Horace",USA,Men,Ice Hockey,Silver
1956,Cortina d'Ampezzo,Skating,Figure skating,"JENKINS, David",USA,Men,Individual,Bronze
1956,Cortina d'Ampezzo,Skating,Figure skating,"JENKINS, Hayes",USA,Men,Individual,Gold
1956,Cortina d'Ampezzo,Skating,Figure skating,"ROBERTSON, Ronald",USA,Men,Individual,Silver
1956,Cortina d'Ampezzo,Skating,Figure skating,"WENDL, Ingrid",AUT,Women,Individual,Bronze
1956,Cortina d'Ampezzo,Skating,Figure skating,"ALBRIGHT, Tenley",USA,Women,Individual,Gold
1956,Cortina d'Ampezzo,Skating,Figure skating,"HEISS, Carol",USA,Women,Individual,Silver
1956,Cortina d'Ampezzo,Skating,Figure skating,"NAGY, Laszlo",HUN,Men,Pairs,Bronze
1956,Cortina d'Ampezzo,Skating,Figure skating,"NAGY, Marianna",HUN,Women,Pairs,Bronze
1956,Cortina d'Ampezzo,Skating,Figure skating,"OPPELT, Kurt",AUT,Men,Pairs,Gold
1956,Cortina d'Ampezzo,Skating,Figure skating,"SCHWARZ, Elisabeth",AUT,Women,Pairs,Gold
1956,Cortina d'Ampezzo,Skating,Figure skating,"BOWDEN, Norris",CAN,Men,Pairs,Silver
1956,Cortina d'Ampezzo,Skating,Figure skating,"DAFOE, Frances",CAN,Women,Pairs,Silver
1956,Cortina d'Ampezzo,Skating,Speed skating,"GONCHARENKO, Oleg",URS,Men,10000M,Bronze
1956,Cortina d'Ampezzo,Skating,Speed skating,"ERICSSON, Sigvard",SWE,Men,10000M,Gold
1956,Cortina d'Ampezzo,Skating,Speed skating,"JOHANNESEN, Knut",NOR,Men,10000M,Silver
1956,Cortina d'Ampezzo,Skating,Speed skating,"SALONEN, Toivo",FIN,Men,1500M,Bronze
1956,Cortina d'Ampezzo,Skating,Speed skating,"GRISHIN, Yevgeny",URS,Men,1500M,Gold
1956,Cortina d'Ampezzo,Skating,Speed skating,"MIKHAILOV, Yury",URS,Men,1500M,Gold
1956,Cortina d'Ampezzo,Skating,Speed skating,"GONCHARENKO, Oleg",URS,Men,5000M,Bronze
1956,Cortina d'Ampezzo,Skating,Speed skating,"SHILKOV, Boris",URS,Men,5000M,Gold
1956,Cortina d'Ampezzo,Skating,Speed skating,"ERICSSON, Sigvard",SWE,Men,5000M,Silver
1956,Cortina d'Ampezzo,Skating,Speed skating,"GJESTVANG, Alv",NOR,Men,500M,Bronze
1956,Cortina d'Ampezzo,Skating,Speed skating,"GRISHIN, Yevgeny",URS,Men,500M,Gold
1956,Cortina d'Ampezzo,Skating,Speed skating,"GRACH, Rafael",URS,Men,500M,Silver
1956,Cortina d'Ampezzo,Skiing,Alpine Skiing,"MOLTERER, Andreas",AUT,Men,Downhill,Bronze
1956,Cortina d'Ampezzo,Skiing,Alpine Skiing,"SAILER, Anton",AUT,Men,Downhill,Gold
1956,Cortina d'Ampezzo,Skiing,Alpine Skiing,"FELLAY, Raymond",SUI,Men,Downhill,Silver
1956,Cortina d'Ampezzo,Skiing,Alpine Skiing,"WHEELER, Lucile",CAN,Women,Downhill,Bronze
1956,Cortina d'Ampezzo,Skiing,Alpine Skiing,"BERTHOD, Madeleine",SUI,Women,Downhill,Gold
1956,Cortina d'Ampezzo,Skiing,Alpine Skiing,"DÃ„NZER, Frieda",SUI,Women,Downhill,Silver
1956,Cortina d'Ampezzo,Skiing,Alpine Skiing,"SCHUSTER, Walter",AUT,Men,Giant Slalom,Bronze
1956,Cortina d'Ampezzo,Skiing,Alpine Skiing,"SAILER, Anton",AUT,Men,Giant Slalom,Gold
1956,Cortina d'Ampezzo,Skiing,Alpine Skiing,"MOLTERER, Andreas",AUT,Men,Giant Slalom,Silver
1956,Cortina d'Ampezzo,Skiing,Alpine Skiing,"HOCHLEITNER, Dorothea",AUT,Women,Giant Slalom,Bronze
1956,Cortina d'Ampezzo,Skiing,Alpine Skiing,"REICHERT, Ossi",EUA,Women,Giant Slalom,Gold
1956,Cortina d'Ampezzo,Skiing,Alpine Skiing,"FRANDL, Josefine",AUT,Women,Giant Slalom,Silver
1956,Cortina d'Ampezzo,Skiing,Alpine Skiing,"SOLLANDER, Stig",SWE,Men,Slalom,Bronze
1956,Cortina d'Ampezzo,Skiing,Alpine Skiing,"SAILER, Anton",AUT,Men,Slalom,Gold
1956,Cortina d'Ampezzo,Skiing,Alpine Skiing,"IGAYA, Chiharu",JPN,Men,Slalom,Silver
1956,Cortina d'Ampezzo,Skiing,Alpine Skiing,"SIDOROVA, Yevgeniya",URS,Women,Slalom,Bronze
1956,Cortina d'Ampezzo,Skiing,Alpine Skiing,"COLLIARD, RenÃ©e",SUI,Women,Slalom,Gold
1956,Cortina d'Ampezzo,Skiing,Alpine Skiing,"SCHÃ–PF, Regina",AUT,Women,Slalom,Silver
1956,Cortina d'Ampezzo,Skiing,Cross Country Skiing,"EDSTRÃ–M, Sonja",SWE,Women,10KM,Bronze
1956,Cortina d'Ampezzo,Skiing,Cross Country Skiing,"BARANOVA, Lyubov",URS,Women,10KM,Gold
1956,Cortina d'Ampezzo,Skiing,Cross Country Skiing,"YEROSHINA, Radya",URS,Women,10KM,Silver
1956,Cortina d'Ampezzo,Skiing,Cross Country Skiing,"KOLCHIN, Pavel",URS,Men,15KM,Bronze
1956,Cortina d'Ampezzo,Skiing,Cross Country Skiing,"BRENDEN, Hallgeir",NOR,Men,15KM,Gold
1956,Cortina d'Ampezzo,Skiing,Cross Country Skiing,"JERNBERG, Sixten",SWE,Men,15KM,Silver
1956,Cortina d'Ampezzo,Skiing,Cross Country Skiing,"KOLCHIN, Pavel",URS,Men,30KM Mass Start,Bronze
1956,Cortina d'Ampezzo,Skiing,Cross Country Skiing,"HAKULINEN, Veikko",FIN,Men,30KM Mass Start,Gold
1956,Cortina d'Ampezzo,Skiing,Cross Country Skiing,"JERNBERG, Sixten",SWE,Men,30KM Mass Start,Silver
1956,Cortina d'Ampezzo,Skiing,Cross Country Skiing,"EDSTRÃ–M, Sonja",SWE,Women,3X5KM Relay,Bronze
1956,Cortina d'Ampezzo,Skiing,Cross Country Skiing,"ERIKSSON, Anna Lisa",SWE,Women,3X5KM Relay,Bronze
1956,Cortina d'Ampezzo,Skiing,Cross Country Skiing,"JOHANSSON, Irma",SWE,Women,3X5KM Relay,Bronze
1956,Cortina d'Ampezzo,Skiing,Cross Country Skiing,"HIETAMIES, Mirja",FIN,Women,3X5KM Relay,Gold
1956,Cortina d'Ampezzo,Skiing,Cross Country Skiing,"POLKUNEN, Sirkka",FIN,Women,3X5KM Relay,Gold
1956,Cortina d'Ampezzo,Skiing,Cross Country Skiing,"RANTANEN, Siiri",FIN,Women,3X5KM Relay,Gold
1956,Cortina d'Ampezzo,Skiing,Cross Country Skiing,"BARANOVA, Lyubov",URS,Women,3X5KM Relay,Silver
1956,Cortina d'Ampezzo,Skiing,Cross Country Skiing,"KOLCHINA, Alevtina",URS,Women,3X5KM Relay,Silver
1956,Cortina d'Ampezzo,Skiing,Cross Country Skiing,"YEROSHINA, Radya",URS,Women,3X5KM Relay,Silver
1956,Cortina d'Ampezzo,Skiing,Cross Country Skiing,"JERNBERG, Sixten",SWE,Men,4X10KM Relay,Bronze
1956,Cortina d'Ampezzo,Skiing,Cross Country Skiing,"LARSSON, Lennart",SWE,Men,4X10KM Relay,Bronze
1956,Cortina d'Ampezzo,Skiing,Cross Country Skiing,"LARSSON, Per-Erik",SWE,Men,4X10KM Relay,Bronze
1956,Cortina d'Ampezzo,Skiing,Cross Country Skiing,"SAMUELSSON, Gunnar",SWE,Men,4X10KM Relay,Bronze
1956,Cortina d'Ampezzo,Skiing,Cross Country Skiing,"ANIKIN, Nikolay",URS,Men,4X10KM Relay,Gold
1956,Cortina d'Ampezzo,Skiing,Cross Country Skiing,"KOLCHIN, Pavel",URS,Men,4X10KM Relay,Gold
1956,Cortina d'Ampezzo,Skiing,Cross Country Skiing,"KOUZINE, Vladimir",URS,Men,4X10KM Relay,Gold
1956,Cortina d'Ampezzo,Skiing,Cross Country Skiing,"TERENTYEV, Fyodor",URS,Men,4X10KM Relay,Gold
1956,Cortina d'Ampezzo,Skiing,Cross Country Skiing,"HAKULINEN, Veikko",FIN,Men,4X10KM Relay,Silver
1956,Cortina d'Ampezzo,Skiing,Cross Country Skiing,"KIURU, August",FIN,Men,4X10KM Relay,Silver
1956,Cortina d'Ampezzo,Skiing,Cross Country Skiing,"KORTELAINEN, Jorma",FIN,Men,4X10KM Relay,Silver
1956,Cortina d'Ampezzo,Skiing,Cross Country Skiing,"VIITANEN, Arvo",FIN,Men,4X10KM Relay,Silver
1956,Cortina d'Ampezzo,Skiing,Cross Country Skiing,"TERENTYEV, Fyodor",URS,Men,50KM,Bronze
1956,Cortina d'Ampezzo,Skiing,Cross Country Skiing,"JERNBERG, Sixten",SWE,Men,50KM,Gold
1956,Cortina d'Ampezzo,Skiing,Cross Country Skiing,"HAKULINEN, Veikko",FIN,Men,50KM,Silver
1956,Cortina d'Ampezzo,Skiing,Nordic Combined,"GASIENICA-GRON, Franciszek",POL,Men,Individual,Bronze
1956,Cortina d'Ampezzo,Skiing,Nordic Combined,"STENERSEN, Sverre",NOR,Men,Individual,Gold
1956,Cortina d'Ampezzo,Skiing,Nordic Combined,"ERIKSSON, Bengt",SWE,Men,Individual,Silver
1956,Cortina d'Ampezzo,Skiing,Ski Jumping,"GLASS, Harry",EUA,Men,K90 Individual (70M),Bronze
1956,Cortina d'Ampezzo,Skiing,Ski Jumping,"HYVÃ„RINEN, Antti",FIN,Men,K90 Individual (70M),Gold
1956,Cortina d'Ampezzo,Skiing,Ski Jumping,"KALLAKORPI, Aulis",FIN,Men,K90 Individual (70M),Silver
1960,Squaw Valley,Biathlon,Biathlon,"PRIVALOV, Aleksandr",URS,Men,20KM,Bronze
1960,Squaw Valley,Biathlon,Biathlon,"LESTANDER, Klas",SWE,Men,20KM,Gold
1960,Squaw Valley,Biathlon,Biathlon,"TYRVÃ„INEN, Antti",FIN,Men,20KM,Silver
1960,Squaw Valley,Ice Hockey,Ice Hockey,"ALEKSANDROV, Veniamin",URS,Men,Ice Hockey,Bronze
1960,Squaw Valley,Ice Hockey,Ice Hockey,"ALMETOV, Aleksandr",URS,Men,Ice Hockey,Bronze
1960,Squaw Valley,Ice Hockey,Ice Hockey,"BAULIN, Yuri",URS,Men,Ice Hockey,Bronze
1960,Squaw Valley,Ice Hockey,Ice Hockey,"BYCHKOV, Mikhail",URS,Men,Ice Hockey,Bronze
1960,Squaw Valley,Ice Hockey,Ice Hockey,"GREBENNIKOV, Vladimir",URS,Men,Ice Hockey,Bronze
1960,Squaw Valley,Ice Hockey,Ice Hockey,"GROSHEV, Evgeni",URS,Men,Ice Hockey,Bronze
1960,Squaw Valley,Ice Hockey,Ice Hockey,"KARPOV, NikolaÃ¯",URS,Men,Ice Hockey,Bronze
1960,Squaw Valley,Ice Hockey,Ice Hockey,"KUCHEVSKIY, Alfred",URS,Men,Ice Hockey,Bronze
1960,Squaw Valley,Ice Hockey,Ice Hockey,"LOKTEV, Konstantin",URS,Men,Ice Hockey,Bronze
1960,Squaw Valley,Ice Hockey,Ice Hockey,"PETUKHOV, Stanislav",URS,Men,Ice Hockey,Bronze
1960,Squaw Valley,Ice Hockey,Ice Hockey,"PRYAZHNIKOV, Viktor",URS,Men,Ice Hockey,Bronze
1960,Squaw Valley,Ice Hockey,Ice Hockey,"PUCHKOV, NikolaÃ¯",URS,Men,Ice Hockey,Bronze
1960,Squaw Valley,Ice Hockey,Ice Hockey,"SIDORENKOV, Genrikh",URS,Men,Ice Hockey,Bronze
1960,Squaw Valley,Ice Hockey,Ice Hockey,"SOLOGUBOV, NikolaÃ¯",URS,Men,Ice Hockey,Bronze
1960,Squaw Valley,Ice Hockey,Ice Hockey,"TSITSINOV, Yuri",URS,Men,Ice Hockey,Bronze
1960,Squaw Valley,Ice Hockey,Ice Hockey,"YAKUSHEV, Viktor",URS,Men,Ice Hockey,Bronze
1960,Squaw Valley,Ice Hockey,Ice Hockey,"YERKIN, Evgeni",URS,Men,Ice Hockey,Bronze
1960,Squaw Valley,Ice Hockey,Ice Hockey,"CHRISTIAN, Roger Allen",USA,Men,Ice Hockey,Gold
1960,Squaw Valley,Ice Hockey,Ice Hockey,"CHRISTIAN, William David",USA,Men,Ice Hockey,Gold
1960,Squaw Valley,Ice Hockey,Ice Hockey,"CLEARY, Robert Barry",USA,Men,Ice Hockey,Gold
1960,Squaw Valley,Ice Hockey,Ice Hockey,"CLEARY, William John",USA,Men,Ice Hockey,Gold
1960,Squaw Valley,Ice Hockey,Ice Hockey,"GRAZIA, Eugene",USA,Men,Ice Hockey,Gold
1960,Squaw Valley,Ice Hockey,Ice Hockey,"JOHNSON, Paul Herbert",USA,Men,Ice Hockey,Gold
1960,Squaw Valley,Ice Hockey,Ice Hockey,"KIRRANE, John J.",USA,Men,Ice Hockey,Gold
1960,Squaw Valley,Ice Hockey,Ice Hockey,"MAYASICH, John Edward",USA,Men,Ice Hockey,Gold
1960,Squaw Valley,Ice Hockey,Ice Hockey,"MCCARTAN, John",USA,Men,Ice Hockey,Gold
1960,Squaw Valley,Ice Hockey,Ice Hockey,"MCVEY, Robert",USA,Men,Ice Hockey,Gold
1960,Squaw Valley,Ice Hockey,Ice Hockey,"MEREDITH, Richard Otis",USA,Men,Ice Hockey,Gold
1960,Squaw Valley,Ice Hockey,Ice Hockey,"OLSON, Weldon Howard",USA,Men,Ice Hockey,Gold
1960,Squaw Valley,Ice Hockey,Ice Hockey,"OWEN, Edwyn",USA,Men,Ice Hockey,Gold
1960,Squaw Valley,Ice Hockey,Ice Hockey,"PAAVOLA, Rodney",USA,Men,Ice Hockey,Gold
1960,Squaw Valley,Ice Hockey,Ice Hockey,"PALMER, Lawrence",USA,Men,Ice Hockey,Gold
1960,Squaw Valley,Ice Hockey,Ice Hockey,"RODENHEISER, Richard Peter",USA,Men,Ice Hockey,Gold
1960,Squaw Valley,Ice Hockey,Ice Hockey,"WILLIAMS, Thomas",USA,Men,Ice Hockey,Gold
1960,Squaw Valley,Ice Hockey,Ice Hockey,"ATTERSLEY, Robert",CAN,Men,Ice Hockey,Silver
1960,Squaw Valley,Ice Hockey,Ice Hockey,"BENOIT, Maurice",CAN,Men,Ice Hockey,Silver
1960,Squaw Valley,Ice Hockey,Ice Hockey,"CONNELLY, James",CAN,Men,Ice Hockey,Silver
1960,Squaw Valley,Ice Hockey,Ice Hockey,"DOUGLAS, Jack",CAN,Men,Ice Hockey,Silver
1960,Squaw Valley,Ice Hockey,Ice Hockey,"ETCHER, Fred",CAN,Men,Ice Hockey,Silver
1960,Squaw Valley,Ice Hockey,Ice Hockey,"FORHAN, Robert",CAN,Men,Ice Hockey,Silver
1960,Squaw Valley,Ice Hockey,Ice Hockey,"HEAD, Donald Charles",CAN,Men,Ice Hockey,Silver
1960,Squaw Valley,Ice Hockey,Ice Hockey,"HURLEY, Harold",CAN,Men,Ice Hockey,Silver
1960,Squaw Valley,Ice Hockey,Ice Hockey,"LAUFMAN, Kenneth",CAN,Men,Ice Hockey,Silver
1960,Squaw Valley,Ice Hockey,Ice Hockey,"MARTIN, Floyd",CAN,Men,Ice Hockey,Silver
1960,Squaw Valley,Ice Hockey,Ice Hockey,"MCKNIGHT, Robert",CAN,Men,Ice Hockey,Silver
1960,Squaw Valley,Ice Hockey,Ice Hockey,"PENNINGTON, Clifford",CAN,Men,Ice Hockey,Silver
1960,Squaw Valley,Ice Hockey,Ice Hockey,"ROPE, Donald",CAN,Men,Ice Hockey,Silver
1960,Squaw Valley,Ice Hockey,Ice Hockey,"ROUSSEAU, Robert",CAN,Men,Ice Hockey,Silver
1960,Squaw Valley,Ice Hockey,Ice Hockey,"SAMOLENKO, George",CAN,Men,Ice Hockey,Silver
1960,Squaw Valley,Ice Hockey,Ice Hockey,"SINDEN, Harry",CAN,Men,Ice Hockey,Silver
1960,Squaw Valley,Ice Hockey,Ice Hockey,"SLY, Darryl Hayward",CAN,Men,Ice Hockey,Silver
1960,Squaw Valley,Skating,Figure skating,"JACKSON, Donald",CAN,Men,Individual,Bronze
1960,Squaw Valley,Skating,Figure skating,"JENKINS, David",USA,Men,Individual,Gold
1960,Squaw Valley,Skating,Figure skating,"DIVIN, Karol",TCH,Men,Individual,Silver
1960,Squaw Valley,Skating,Figure skating,"ROLES, Barbara",USA,Women,Individual,Bronze
1960,Squaw Valley,Skating,Figure skating,"HEISS, Carol",USA,Women,Individual,Gold
1960,Squaw Valley,Skating,Figure skating,"DIJKSTRA, Sjoukje",NED,Women,Individual,Silver
1960,Squaw Valley,Skating,Figure skating,"LUDINGTON, Nancy",USA,Women,Pairs,Bronze
1960,Squaw Valley,Skating,Figure skating,"LUDINGTON, Ronald",USA,Men,Pairs,Bronze
1960,Squaw Valley,Skating,Figure skating,"PAUL, Robert",CAN,Men,Pairs,Gold
1960,Squaw Valley,Skating,Figure skating,"WAGNER, Barbara",CAN,Women,Pairs,Gold
1960,Squaw Valley,Skating,Figure skating,"BÃ„UMLER, Hans JÃ_rgen",EUA,Men,Pairs,Silver
1960,Squaw Valley,Skating,Figure skating,"KILIUS, Marika",EUA,Women,Pairs,Silver
1960,Squaw Valley,Skating,Speed skating,"BÃ„CKMAN, Kjell",SWE,Men,10000M,Bronze
1960,Squaw Valley,Skating,Speed skating,"JOHANNESEN, Knut",NOR,Men,10000M,Gold
1960,Squaw Valley,Skating,Speed skating,"KOSICHKIN, Viktor",URS,Men,10000M,Silver
1960,Squaw Valley,Skating,Speed skating,"RYLOVA, Tamara",URS,Women,1000M,Bronze
1960,Squaw Valley,Skating,Speed skating,"GUSEVA, Klara",URS,Women,1000M,Gold
1960,Squaw Valley,Skating,Speed skating,"HAASE, Helga",EUA,Women,1000M,Silver
1960,Squaw Valley,Skating,Speed skating,"STENIN, Boris",URS,Men,1500M,Bronze
1960,Squaw Valley,Skating,Speed skating,"AAS, Roald",NOR,Men,1500M,Gold
1960,Squaw Valley,Skating,Speed skating,"GRISHIN, Yevgeny",URS,Men,1500M,Gold
1960,Squaw Valley,Skating,Speed skating,"PILEJCZYK, Helena",POL,Women,1500M,Bronze
1960,Squaw Valley,Skating,Speed skating,"SKOBLIKOVA, Lidiya",URS,Women,1500M,Gold
1960,Squaw Valley,Skating,Speed skating,"SEROCZYNSKA, Elwira",POL,Women,1500M,Silver
1960,Squaw Valley,Skating,Speed skating,"HUTTUNEN, Eevi",FIN,Women,3000M,Bronze
1960,Squaw Valley,Skating,Speed skating,"SKOBLIKOVA, Lidiya",URS,Women,3000M,Gold
1960,Squaw Valley,Skating,Speed skating,"STENINA, Valentina",URS,Women,3000M,Silver
1960,Squaw Valley,Skating,Speed skating,"PESMAN, Janis",NED,Men,5000M,Bronze
1960,Squaw Valley,Skating,Speed skating,"KOSICHKIN, Viktor",URS,Men,5000M,Gold
1960,Squaw Valley,Skating,Speed skating,"JOHANNESEN, Knut",NOR,Men,5000M,Silver
1960,Squaw Valley,Skating,Speed skating,"GRACH, Rafael",URS,Men,500M,Bronze
1960,Squaw Valley,Skating,Speed skating,"GRISHIN, Yevgeny",URS,Men,500M,Gold
1960,Squaw Valley,Skating,Speed skating,"DISNEY, William",USA,Men,500M,Silver
1960,Squaw Valley,Skating,Speed skating,"ASHWORTH, Jeanne",USA,Women,500M,Bronze
1960,Squaw Valley,Skating,Speed skating,"HAASE, Helga",EUA,Women,500M,Gold
1960,Squaw Valley,Skating,Speed skating,"DONCHENKO, Natalya",URS,Women,500M,Silver
1960,Squaw Valley,Skiing,Alpine Skiing,"PÃ‰RILLAT, Guy",FRA,Men,Downhill,Bronze
1960,Squaw Valley,Skiing,Alpine Skiing,"VUARNET, Jean",FRA,Men,Downhill,Gold
1960,Squaw Valley,Skiing,Alpine Skiing,"LANIG, Hanspeter",EUA,Men,Downhill,Silver
1960,Squaw Valley,Skiing,Alpine Skiing,"HECHER, Traudl",AUT,Women,Downhill,Bronze
1960,Squaw Valley,Skiing,Alpine Skiing,"BIEBL, Heidi",EUA,Women,Downhill,Gold
1960,Squaw Valley,Skiing,Alpine Skiing,"PITOU, Penelope",USA,Women,Downhill,Silver
1960,Squaw Valley,Skiing,Alpine Skiing,"HINTERSEER, Ernst",AUT,Men,Giant Slalom,Bronze
1960,Squaw Valley,Skiing,Alpine Skiing,"STAUB, Roger",SUI,Men,Giant Slalom,Gold
1960,Squaw Valley,Skiing,Alpine Skiing,"STIEGLER, Josef",AUT,Men,Giant Slalom,Silver
1960,Squaw Valley,Skiing,Alpine Skiing,"MINUZZO CHENAL, Giuliana",ITA,Women,Giant Slalom,Bronze
1960,Squaw Valley,Skiing,Alpine Skiing,"RUEGG, Yvonne",SUI,Women,Giant Slalom,Gold
1960,Squaw Valley,Skiing,Alpine Skiing,"PITOU, Penelope",USA,Women,Giant Slalom,Silver
1960,Squaw Valley,Skiing,Alpine Skiing,"BOZON, Charles",FRA,Men,Slalom,Bronze
1960,Squaw Valley,Skiing,Alpine Skiing,"HINTERSEER, Ernst",AUT,Men,Slalom,Gold
1960,Squaw Valley,Skiing,Alpine Skiing,"LEITNER, Matthias",AUT,Men,Slalom,Silver
1960,Squaw Valley,Skiing,Alpine Skiing,"HENNEBERGER, Barbi",EUA,Women,Slalom,Bronze
1960,Squaw Valley,Skiing,Alpine Skiing,"HEGGTVEIT, Anne",CAN,Women,Slalom,Gold
1960,Squaw Valley,Skiing,Alpine Skiing,"SNITE, Betsy",USA,Women,Slalom,Silver
1960,Squaw Valley,Skiing,Cross Country Skiing,"YEROSHINA, Radya",URS,Women,10KM,Bronze
1960,Squaw Valley,Skiing,Cross Country Skiing,"GUSAKOVA, Mariya",URS,Women,10KM,Gold
1960,Squaw Valley,Skiing,Cross Country Skiing,"BARANOVA, Lyubov",URS,Women,10KM,Silver
1960,Squaw Valley,Skiing,Cross Country Skiing,"HAKULINEN, Veikko",FIN,Men,15KM,Bronze
1960,Squaw Valley,Skiing,Cross Country Skiing,"BRUSVEEN, Haakon",NOR,Men,15KM,Gold
1960,Squaw Valley,Skiing,Cross Country Skiing,"JERNBERG, Sixten",SWE,Men,15KM,Silver
1960,Squaw Valley,Skiing,Cross Country Skiing,"ANIKIN, Nikolay",URS,Men,30KM Mass Start,Bronze
1960,Squaw Valley,Skiing,Cross Country Skiing,"JERNBERG, Sixten",SWE,Men,30KM Mass Start,Gold
1960,Squaw Valley,Skiing,Cross Country Skiing,"RÃ„MGARD, Rolf",SWE,Men,30KM Mass Start,Silver
1960,Squaw Valley,Skiing,Cross Country Skiing,"PÃ–YSTI, Toini K.",FIN,Women,3X5KM Relay,Bronze
1960,Squaw Valley,Skiing,Cross Country Skiing,"RANTANEN, Siiri",FIN,Women,3X5KM Relay,Bronze
1960,Squaw Valley,Skiing,Cross Country Skiing,"RUOPPA, Eeva",FIN,Women,3X5KM Relay,Bronze
1960,Squaw Valley,Skiing,Cross Country Skiing,"EDSTRÃ–M, Sonja",SWE,Women,3X5KM Relay,Gold
1960,Squaw Valley,Skiing,Cross Country Skiing,"JOHANSSON, Irma",SWE,Women,3X5KM Relay,Gold
1960,Squaw Valley,Skiing,Cross Country Skiing,"STRANDBERG, Britt",SWE,Women,3X5KM Relay,Gold
1960,Squaw Valley,Skiing,Cross Country Skiing,"BARANOVA, Lyubov",URS,Women,3X5KM Relay,Silver
1960,Squaw Valley,Skiing,Cross Country Skiing,"GUSAKOVA, Mariya",URS,Women,3X5KM Relay,Silver
1960,Squaw Valley,Skiing,Cross Country Skiing,"YEROSHINA, Radya",URS,Women,3X5KM Relay,Silver
1960,Squaw Valley,Skiing,Cross Country Skiing,"ANIKIN, Nikolay",URS,Men,4X10KM Relay,Bronze
1960,Squaw Valley,Skiing,Cross Country Skiing,"KUZNETSOV, Aleksei",URS,Men,4X10KM Relay,Bronze
1960,Squaw Valley,Skiing,Cross Country Skiing,"SHELJUKHIN, Anatolii",URS,Men,4X10KM Relay,Bronze
1960,Squaw Valley,Skiing,Cross Country Skiing,"VAGANOV, Gennadi",URS,Men,4X10KM Relay,Bronze
1960,Squaw Valley,Skiing,Cross Country Skiing,"ALATALO, Toimi",FIN,Men,4X10KM Relay,Gold
1960,Squaw Valley,Skiing,Cross Country Skiing,"HAKULINEN, Veikko",FIN,Men,4X10KM Relay,Gold
1960,Squaw Valley,Skiing,Cross Country Skiing,"HUHTALA, VÃ_inÃ¶ Veikko Sakari",FIN,Men,4X10KM Relay,Gold
1960,Squaw Valley,Skiing,Cross Country Skiing,"MÃ„NTYRANTA, Eero",FIN,Men,4X10KM Relay,Gold
1960,Squaw Valley,Skiing,Cross Country Skiing,"BRENDEN, Hallgeir",NOR,Men,4X10KM Relay,Silver
1960,Squaw Valley,Skiing,Cross Country Skiing,"BRUSVEEN, Haakon",NOR,Men,4X10KM Relay,Silver
1960,Squaw Valley,Skiing,Cross Country Skiing,"GRÃ–NNINGEN, Harald",NOR,Men,4X10KM Relay,Silver
1960,Squaw Valley,Skiing,Cross Country Skiing,"Ã–STBY, Einar",NOR,Men,4X10KM Relay,Silver
1960,Squaw Valley,Skiing,Cross Country Skiing,"RÃ„MGARD, Rolf",SWE,Men,50KM,Bronze
1960,Squaw Valley,Skiing,Cross Country Skiing,"HÃ„MÃ„LÃ„INEN, Kalevi",FIN,Men,50KM,Gold
1960,Squaw Valley,Skiing,Cross Country Skiing,"HAKULINEN, Veikko",FIN,Men,50KM,Silver
1960,Squaw Valley,Skiing,Nordic Combined,"GUSAKOV, Nikolay",URS,Men,Individual,Bronze
1960,Squaw Valley,Skiing,Nordic Combined,"THOMA, Georg",EUA,Men,Individual,Gold
1960,Squaw Valley,Skiing,Nordic Combined,"KNUTSEN, Tormod",NOR,Men,Individual,Silver
1960,Squaw Valley,Skiing,Ski Jumping,"LEODOLTER, Otto",AUT,Men,K90 Individual (70M),Bronze
1960,Squaw Valley,Skiing,Ski Jumping,"RECKNAGEL, Helmut",EUA,Men,K90 Individual (70M),Gold
1960,Squaw Valley,Skiing,Ski Jumping,"HALONEN, Niilo",FIN,Men,K90 Individual (70M),Silver
1964,Innsbruck,Biathlon,Biathlon,"JORDET, Olav",NOR,Men,20KM,Bronze
1964,Innsbruck,Biathlon,Biathlon,"MELANIN, Vladimir",URS,Men,20KM,Gold
1964,Innsbruck,Biathlon,Biathlon,"PRIVALOV, Aleksandr",URS,Men,20KM,Silver
1964,Innsbruck,Bobsleigh,Bobsleigh,"MONTI, Eugenio",ITA,Men,Four-Man,Bronze
1964,Innsbruck,Bobsleigh,Bobsleigh,"RIGONI, Benito",ITA,Men,Four-Man,Bronze
1964,Innsbruck,Bobsleigh,Bobsleigh,"SIORPAES, Gildo",ITA,Men,Four-Man,Bronze
1964,Innsbruck,Bobsleigh,Bobsleigh,"SIORPAES, Sergio",ITA,Men,Four-Man,Bronze
1964,Innsbruck,Bobsleigh,Bobsleigh,"ANAKIN, Douglas",CAN,Men,Four-Man,Gold
1964,Innsbruck,Bobsleigh,Bobsleigh,"EMERY, John",CAN,Men,Four-Man,Gold
1964,Innsbruck,Bobsleigh,Bobsleigh,"EMERY, Victor",CAN,Men,Four-Man,Gold
1964,Innsbruck,Bobsleigh,Bobsleigh,"KIRBY, Peter",CAN,Men,Four-Man,Gold
1964,Innsbruck,Bobsleigh,Bobsleigh,"DURNTHALER, Reinhold",AUT,Men,Four-Man,Silver
1964,Innsbruck,Bobsleigh,Bobsleigh,"KOXEDER, Adolf",AUT,Men,Four-Man,Silver
1964,Innsbruck,Bobsleigh,Bobsleigh,"NAIRZ, Josef",AUT,Men,Four-Man,Silver
1964,Innsbruck,Bobsleigh,Bobsleigh,"THALER, Erwin",AUT,Men,Four-Man,Silver
1964,Innsbruck,Bobsleigh,Bobsleigh,"MONTI, Eugenio",ITA,Men,Two-Man,Bronze
1964,Innsbruck,Bobsleigh,Bobsleigh,"SIORPAES, Sergio",ITA,Men,Two-Man,Bronze
1964,Innsbruck,Bobsleigh,Bobsleigh,"DIXON, Robin Thomas",GBR,Men,Two-Man,Gold
1964,Innsbruck,Bobsleigh,Bobsleigh,"NASH, Antony James",GBR,Men,Two-Man,Gold
1964,Innsbruck,Bobsleigh,Bobsleigh,"BONAGURA, Romano",ITA,Men,Two-Man,Silver
1964,Innsbruck,Bobsleigh,Bobsleigh,"ZARDINI, Sergio",ITA,Men,Two-Man,Silver
1964,Innsbruck,Ice Hockey,Ice Hockey,"BUBNIK, Vlastimil",TCH,Men,Ice Hockey,Bronze
1964,Innsbruck,Ice Hockey,Ice Hockey,"CERNY, Josef",TCH,Men,Ice Hockey,Bronze
1964,Innsbruck,Ice Hockey,Ice Hockey,"DOLANA, Jiri",TCH,Men,Ice Hockey,Bronze
1964,Innsbruck,Ice Hockey,Ice Hockey,"DZURILLA, Vladimir",TCH,Men,Ice Hockey,Bronze
1964,Innsbruck,Ice Hockey,Ice Hockey,"GOLONKA, Josef",TCH,Men,Ice Hockey,Bronze
1964,Innsbruck,Ice Hockey,Ice Hockey,"GREGOR, Frantisek",TCH,Men,Ice Hockey,Bronze
1964,Innsbruck,Ice Hockey,Ice Hockey,"HOLIK, Jiri",TCH,Men,Ice Hockey,Bronze
1964,Innsbruck,Ice Hockey,Ice Hockey,"JIRIK, Jaroslav",TCH,Men,Ice Hockey,Bronze
1964,Innsbruck,Ice Hockey,Ice Hockey,"KLAPAC, Jan",TCH,Men,Ice Hockey,Bronze
1964,Innsbruck,Ice Hockey,Ice Hockey,"NADRCHAL, Vladimir",TCH,Men,Ice Hockey,Bronze
1964,Innsbruck,Ice Hockey,Ice Hockey,"POTSCH, Rudolf",TCH,Men,Ice Hockey,Bronze
1964,Innsbruck,Ice Hockey,Ice Hockey,"PRYL, Stanislav",TCH,Men,Ice Hockey,Bronze
1964,Innsbruck,Ice Hockey,Ice Hockey,"SMID, Ladislav",TCH,Men,Ice Hockey,Bronze
1964,Innsbruck,Ice Hockey,Ice Hockey,"SVENTEK, Stanislav",TCH,Men,Ice Hockey,Bronze
1964,Innsbruck,Ice Hockey,Ice Hockey,"TIKAL, Frantisek",TCH,Men,Ice Hockey,Bronze
1964,Innsbruck,Ice Hockey,Ice Hockey,"VLACH, Miroslav",TCH,Men,Ice Hockey,Bronze
1964,Innsbruck,Ice Hockey,Ice Hockey,"WALTER, Jaroslav",TCH,Men,Ice Hockey,Bronze
1964,Innsbruck,Ice Hockey,Ice Hockey,"ALEKSANDROV, Veniamin",URS,Men,Ice Hockey,Gold
1964,Innsbruck,Ice Hockey,Ice Hockey,"ALMETOV, Aleksandr",URS,Men,Ice Hockey,Gold
1964,Innsbruck,Ice Hockey,Ice Hockey,"DAVIDOV, Vitali",URS,Men,Ice Hockey,Gold
1964,Innsbruck,Ice Hockey,Ice Hockey,"FIRSOV, Anatoli",URS,Men,Ice Hockey,Gold
1964,Innsbruck,Ice Hockey,Ice Hockey,"IVANOV, Eduard",URS,Men,Ice Hockey,Gold
1964,Innsbruck,Ice Hockey,Ice Hockey,"KONOVALENKO, Viktor",URS,Men,Ice Hockey,Gold
1964,Innsbruck,Ice Hockey,Ice Hockey,"KOUSKINE, Viktor",URS,Men,Ice Hockey,Gold
1964,Innsbruck,Ice Hockey,Ice Hockey,"LOKTEV, Konstantin",URS,Men,Ice Hockey,Gold
1964,Innsbruck,Ice Hockey,Ice Hockey,"MAYOROV, Boris",URS,Men,Ice Hockey,Gold
1964,Innsbruck,Ice Hockey,Ice Hockey,"MAYOROV, Evgeni",URS,Men,Ice Hockey,Gold
1964,Innsbruck,Ice Hockey,Ice Hockey,"PETUKHOV, Stanislav",URS,Men,Ice Hockey,Gold
1964,Innsbruck,Ice Hockey,Ice Hockey,"RAGULIN, Aleksandr",URS,Men,Ice Hockey,Gold
1964,Innsbruck,Ice Hockey,Ice Hockey,"STARSHINOV, Viacheslav",URS,Men,Ice Hockey,Gold
1964,Innsbruck,Ice Hockey,Ice Hockey,"VOLKOV, Leonid",URS,Men,Ice Hockey,Gold
1964,Innsbruck,Ice Hockey,Ice Hockey,"YAKUSHEV, Viktor",URS,Men,Ice Hockey,Gold
1964,Innsbruck,Ice Hockey,Ice Hockey,"ZAITZEV, Boris",URS,Men,Ice Hockey,Gold
1964,Innsbruck,Ice Hockey,Ice Hockey,"ANDERSSON, Anders",SWE,Men,Ice Hockey,Silver
1964,Innsbruck,Ice Hockey,Ice Hockey,"BLOME, Gert",SWE,Men,Ice Hockey,Silver
1964,Innsbruck,Ice Hockey,Ice Hockey,"HÃ„GGROTH, Lennart",SWE,Men,Ice Hockey,Silver
1964,Innsbruck,Ice Hockey,Ice Hockey,"JOHANSSON, Lennart",SWE,Men,Ice Hockey,Silver
1964,Innsbruck,Ice Hockey,Ice Hockey,"JOHANSSON, Nils",SWE,Men,Ice Hockey,Silver
1964,Innsbruck,Ice Hockey,Ice Hockey,"JOHANSSON-TUMBA, Sven Olof",SWE,Men,Ice Hockey,Silver
1964,Innsbruck,Ice Hockey,Ice Hockey,"LUNDVALL, Lars Erik",SWE,Men,Ice Hockey,Silver
1964,Innsbruck,Ice Hockey,Ice Hockey,"MÃ„Ã„TÃ„Ã„, Eilert",SWE,Men,Ice Hockey,Silver
1964,Innsbruck,Ice Hockey,Ice Hockey,"MILD, Hans",SWE,Men,Ice Hockey,Silver
1964,Innsbruck,Ice Hockey,Ice Hockey,"NILSSON, Nils Erik",SWE,Men,Ice Hockey,Silver
1964,Innsbruck,Ice Hockey,Ice Hockey,"NORDLANDER, Bert-Ola",SWE,Men,Ice Hockey,Silver
1964,Innsbruck,Ice Hockey,Ice Hockey,"Ã–BERG, Carl-GÃ¶ran",SWE,Men,Ice Hockey,Silver
1964,Innsbruck,Ice Hockey,Ice Hockey,"Ã–HRLUND, Uno",SWE,Men,Ice Hockey,Silver
1964,Innsbruck,Ice Hockey,Ice Hockey,"PETTERSSON, Ronald Erik",SWE,Men,Ice Hockey,Silver
1964,Innsbruck,Ice Hockey,Ice Hockey,"STERNER, Ulf",SWE,Men,Ice Hockey,Silver
1964,Innsbruck,Ice Hockey,Ice Hockey,"STOLTZ, Roland",SWE,Men,Ice Hockey,Silver
1964,Innsbruck,Ice Hockey,Ice Hockey,"SVENSSON, Kjell",SWE,Men,Ice Hockey,Silver
1964,Innsbruck,Luge,Luge,"AUSSENDORFER, Walter",ITA,Men,Doubles,Bronze
1964,Innsbruck,Luge,Luge,"MAIR, Sigisfredo",ITA,Men,Doubles,Bronze
1964,Innsbruck,Luge,Luge,"FEISTMANTL, Josef",AUT,Men,Doubles,Gold
1964,Innsbruck,Luge,Luge,"STENGL, Manfred",AUT,Men,Doubles,Gold
1964,Innsbruck,Luge,Luge,"SENN, Reinhold",AUT,Men,Doubles,Silver
1964,Innsbruck,Luge,Luge,"THALER, Helmut",AUT,Men,Doubles,Silver
1964,Innsbruck,Luge,Luge,"PLENK, Hans",EUA,Men,Singles,Bronze
1964,Innsbruck,Luge,Luge,"KÃ–HLER, Thomas",EUA,Men,Singles,Gold
1964,Innsbruck,Luge,Luge,"BONSACK, Klaus",EUA,Men,Singles,Silver
1964,Innsbruck,Luge,Luge,"THURNER, Helene",AUT,Women,Singles,Bronze
1964,Innsbruck,Luge,Luge,"ENDERLEIN, Ortrun",EUA,Women,Singles,Gold
1964,Innsbruck,Luge,Luge,"GEISLER, Ilse",EUA,Women,Singles,Silver
1964,Innsbruck,Skating,Figure skating,"ALLEN, Scott",USA,Men,Individual,Bronze
1964,Innsbruck,Skating,Figure skating,"SCHNELLDORFER, Manfred",EUA,Men,Individual,Gold
1964,Innsbruck,Skating,Figure skating,"CALMAT, Alain",FRA,Men,Individual,Silver
1964,Innsbruck,Skating,Figure skating,"BURKA, Petra",CAN,Women,Individual,Bronze
1964,Innsbruck,Skating,Figure skating,"DIJKSTRA, Sjoukje",NED,Women,Individual,Gold
1964,Innsbruck,Skating,Figure skating,"HEITZER, Regine",AUT,Women,Individual,Silver
1964,Innsbruck,Skating,Figure skating,"REVELL, Guy",CAN,Men,Pairs,Silver
1964,Innsbruck,Skating,Figure skating,"WILKES, Debbi",CAN,Women,Pairs,Silver
1964,Innsbruck,Skating,Figure skating,"BELOUSOVA, Lyudmila",URS,Women,Pairs,Gold
1964,Innsbruck,Skating,Figure skating,"PROTOPOPOV, Oleg",URS,Men,Pairs,Gold
1964,Innsbruck,Skating,Figure skating,"JOSEPH, Ronald",USA,Women,Pairs,Bronze
1964,Innsbruck,Skating,Figure skating,"JOSEPH, Vivian",USA,Men,Pairs,Bronze
1964,Innsbruck,Skating,Figure skating,"BÃ„UMLER, Hans JÃ_rgen",EUA,Men,Pairs,Silver
1964,Innsbruck,Skating,Figure skating,"KILIUS, Marika",EUA,Women,Pairs,Silver
1964,Innsbruck,Skating,Speed skating,"JOHANNESEN, Knut",NOR,Men,10000M,Bronze
1964,Innsbruck,Skating,Speed skating,"NILSSON, Jonny",SWE,Men,10000M,Gold
1964,Innsbruck,Skating,Speed skating,"MAIER, Fred Anton",NOR,Men,10000M,Silver
1964,Innsbruck,Skating,Speed skating,"MUSTONEN, Kaija",FIN,Women,1000M,Bronze
1964,Innsbruck,Skating,Speed skating,"SKOBLIKOVA, Lidiya",URS,Women,1000M,Gold
1964,Innsbruck,Skating,Speed skating,"YEGOROVA, Irina",URS,Women,1000M,Silver
1964,Innsbruck,Skating,Speed skating,"HAUGEN, Villy",NOR,Men,1500M,Bronze
1964,Innsbruck,Skating,Speed skating,"ANTSON, Ants",URS,Men,1500M,Gold
1964,Innsbruck,Skating,Speed skating,"VERKERK, Cornelis",NED,Men,1500M,Silver
1964,Innsbruck,Skating,Speed skating,"KOLOKOLTSEVA, Berta",URS,Women,1500M,Bronze
1964,Innsbruck,Skating,Speed skating,"SKOBLIKOVA, Lidiya",URS,Women,1500M,Gold
1964,Innsbruck,Skating,Speed skating,"MUSTONEN, Kaija",FIN,Women,1500M,Silver
1964,Innsbruck,Skating,Speed skating,"SKOBLIKOVA, Lidiya",URS,Women,3000M,Gold
1964,Innsbruck,Skating,Speed skating,"HAN, Pil Hwa",PRK,Women,3000M,Silver
1964,Innsbruck,Skating,Speed skating,"STENINA, Valentina",URS,Women,3000M,Silver
1964,Innsbruck,Skating,Speed skating,"MAIER, Fred Anton",NOR,Men,5000M,Bronze
1964,Innsbruck,Skating,Speed skating,"JOHANNESEN, Knut",NOR,Men,5000M,Gold
1964,Innsbruck,Skating,Speed skating,"MOE, Per Ivar",NOR,Men,5000M,Silver
1964,Innsbruck,Skating,Speed skating,"MCDERMOTT, Richard",USA,Men,500M,Gold
1964,Innsbruck,Skating,Speed skating,"GJESTVANG, Alv",NOR,Men,500M,Silver
1964,Innsbruck,Skating,Speed skating,"GRISHIN, Yevgeny",URS,Men,500M,Silver
1964,Innsbruck,Skating,Speed skating,"ORLOV, Vladimir",URS,Men,500M,Silver
1964,Innsbruck,Skating,Speed skating,"SIDOROVA, Tatyana",URS,Women,500M,Bronze
1964,Innsbruck,Skating,Speed skating,"SKOBLIKOVA, Lidiya",URS,Women,500M,Gold
1964,Innsbruck,Skating,Speed skating,"YEGOROVA, Irina",URS,Women,500M,Silver
1964,Innsbruck,Skiing,Alpine Skiing,"BARTELS, Wolfgang",EUA,Men,Downhill,Bronze
1964,Innsbruck,Skiing,Alpine Skiing,"ZIMMERMANN, Egon",AUT,Men,Downhill,Gold
1964,Innsbruck,Skiing,Alpine Skiing,"LACROIX, LÃ©o",FRA,Men,Downhill,Silver
1964,Innsbruck,Skiing,Alpine Skiing,"HECHER, Traudl",AUT,Women,Downhill,Bronze
1964,Innsbruck,Skiing,Alpine Skiing,"HAAS, Christl",AUT,Women,Downhill,Gold
1964,Innsbruck,Skiing,Alpine Skiing,"ZIMMERMANN, Edith",AUT,Women,Downhill,Silver
1964,Innsbruck,Skiing,Alpine Skiing,"STIEGLER, Josef",AUT,Men,Giant Slalom,Bronze
1964,Innsbruck,Skiing,Alpine Skiing,"BONLIEU, FranÃ§ois",FRA,Men,Giant Slalom,Gold
1964,Innsbruck,Skiing,Alpine Skiing,"SCHRANZ, Karl",AUT,Men,Giant Slalom,Silver
1964,Innsbruck,Skiing,Alpine Skiing,"GOITSCHEL, Marielle",FRA,Women,Giant Slalom,Gold
1964,Innsbruck,Skiing,Alpine Skiing,"GOITSCHEL, Christine",FRA,Women,Giant Slalom,Silver
1964,Innsbruck,Skiing,Alpine Skiing,"SAUBERT, Jean",USA,Women,Giant Slalom,Silver
1964,Innsbruck,Skiing,Alpine Skiing,"HEUGA, James",USA,Men,Slalom,Bronze
1964,Innsbruck,Skiing,Alpine Skiing,"STIEGLER, Josef",AUT,Men,Slalom,Gold
1964,Innsbruck,Skiing,Alpine Skiing,"KIDD, William",USA,Men,Slalom,Silver
1964,Innsbruck,Skiing,Alpine Skiing,"SAUBERT, Jean",USA,Women,Slalom,Bronze
1964,Innsbruck,Skiing,Alpine Skiing,"GOITSCHEL, Christine",FRA,Women,Slalom,Gold
1964,Innsbruck,Skiing,Alpine Skiing,"GOITSCHEL, Marielle",FRA,Women,Slalom,Silver
1964,Innsbruck,Skiing,Cross Country Skiing,"GUSAKOVA, Mariya",URS,Women,10KM,Bronze
1964,Innsbruck,Skiing,Cross Country Skiing,"BOYARSKIKH, Klavdiya",URS,Women,10KM,Gold
1964,Innsbruck,Skiing,Cross Country Skiing,"MEKSHILO, Yevdoyka",URS,Women,10KM,Silver
1964,Innsbruck,Skiing,Cross Country Skiing,"JERNBERG, Sixten",SWE,Men,15KM,Bronze
1964,Innsbruck,Skiing,Cross Country Skiing,"MÃ„NTYRANTA, Eero",FIN,Men,15KM,Gold
1964,Innsbruck,Skiing,Cross Country Skiing,"GRÃ–NNINGEN, Harald",NOR,Men,15KM,Silver
1964,Innsbruck,Skiing,Cross Country Skiing,"VORONCHIKHIN, Igor",URS,Men,30KM Mass Start,Bronze
1964,Innsbruck,Skiing,Cross Country Skiing,"MÃ„NTYRANTA, Eero",FIN,Men,30KM Mass Start,Gold
1964,Innsbruck,Skiing,Cross Country Skiing,"GRÃ–NNINGEN, Harald",NOR,Men,30KM Mass Start,Silver
1964,Innsbruck,Skiing,Cross Country Skiing,"LEHTONEN, Mirja",FIN,Women,3X5KM Relay,Bronze
1964,Innsbruck,Skiing,Cross Country Skiing,"PÃ–YSTI, Toini K.",FIN,Women,3X5KM Relay,Bronze
1964,Innsbruck,Skiing,Cross Country Skiing,"PUSULA, Senja",FIN,Women,3X5KM Relay,Bronze
1964,Innsbruck,Skiing,Cross Country Skiing,"BOYARSKIKH, Klavdiya",URS,Women,3X5KM Relay,Gold
1964,Innsbruck,Skiing,Cross Country Skiing,"KOLCHINA, Alevtina",URS,Women,3X5KM Relay,Gold
1964,Innsbruck,Skiing,Cross Country Skiing,"MEKSHILO, Yevdoyka",URS,Women,3X5KM Relay,Gold
1964,Innsbruck,Skiing,Cross Country Skiing,"GUSTAFSSON, Toini",SWE,Women,3X5KM Relay,Silver
1964,Innsbruck,Skiing,Cross Country Skiing,"MARTINSSON, Barbro",SWE,Women,3X5KM Relay,Silver
1964,Innsbruck,Skiing,Cross Country Skiing,"STRANDBERG, Britt",SWE,Women,3X5KM Relay,Silver
1964,Innsbruck,Skiing,Cross Country Skiing,"KOLCHIN, Pavel",URS,Men,4X10KM Relay,Bronze
1964,Innsbruck,Skiing,Cross Country Skiing,"UTROBIN, Ivan",URS,Men,4X10KM Relay,Bronze
1964,Innsbruck,Skiing,Cross Country Skiing,"VAGANOV, Gennadi",URS,Men,4X10KM Relay,Bronze
1964,Innsbruck,Skiing,Cross Country Skiing,"VORONCHIKHIN, Igor",URS,Men,4X10KM Relay,Bronze
1964,Innsbruck,Skiing,Cross Country Skiing,"ASPH, Karl-Ake",SWE,Men,4X10KM Relay,Gold
1964,Innsbruck,Skiing,Cross Country Skiing,"JERNBERG, Sixten",SWE,Men,4X10KM Relay,Gold
1964,Innsbruck,Skiing,Cross Country Skiing,"RÃ–NNLUND, Assar",SWE,Men,4X10KM Relay,Gold
1964,Innsbruck,Skiing,Cross Country Skiing,"STEFANSSON, Janne",SWE,Men,4X10KM Relay,Gold
1964,Innsbruck,Skiing,Cross Country Skiing,"HUHTALA, VÃ_inÃ¶ Veikko Sakari",FIN,Men,4X10KM Relay,Silver
1964,Innsbruck,Skiing,Cross Country Skiing,"LAURILA, Kalevi",FIN,Men,4X10KM Relay,Silver
1964,Innsbruck,Skiing,Cross Country Skiing,"MÃ„NTYRANTA, Eero",FIN,Men,4X10KM Relay,Silver
1964,Innsbruck,Skiing,Cross Country Skiing,"TIAINEN, Arto",FIN,Men,4X10KM Relay,Silver
1964,Innsbruck,Skiing,Cross Country Skiing,"TIAINEN, Arto",FIN,Men,50KM,Bronze
1964,Innsbruck,Skiing,Cross Country Skiing,"JERNBERG, Sixten",SWE,Men,50KM,Gold
1964,Innsbruck,Skiing,Cross Country Skiing,"RÃ–NNLUND, Assar",SWE,Men,50KM,Silver
1964,Innsbruck,Skiing,Cross Country Skiing,"KOLCHINA, Alevtina",URS,Women,5KM,Bronze
1964,Innsbruck,Skiing,Cross Country Skiing,"BOYARSKIKH, Klavdiya",URS,Women,5KM,Gold
1964,Innsbruck,Skiing,Cross Country Skiing,"LEHTONEN, Mirja",FIN,Women,5KM,Silver
1964,Innsbruck,Skiing,Nordic Combined,"THOMA, Georg",EUA,Men,Individual,Bronze
1964,Innsbruck,Skiing,Nordic Combined,"KNUTSEN, Tormod",NOR,Men,Individual,Gold
1964,Innsbruck,Skiing,Nordic Combined,"KISELYOV, Nikolay",URS,Men,Individual,Silver
1964,Innsbruck,Skiing,Ski Jumping,"BRANDTZÃ„G, Torgeir",NOR,Men,K120 Individual (90M),Bronze
1964,Innsbruck,Skiing,Ski Jumping,"ENGAN, Toralf",NOR,Men,K120 Individual (90M),Gold
1964,Innsbruck,Skiing,Ski Jumping,"KANKKONEN, Veikko",FIN,Men,K120 Individual (90M),Silver
1964,Innsbruck,Skiing,Ski Jumping,"BRANDTZÃ„G, Torgeir",NOR,Men,K90 Individual (70M),Bronze
1964,Innsbruck,Skiing,Ski Jumping,"KANKKONEN, Veikko",FIN,Men,K90 Individual (70M),Gold
1964,Innsbruck,Skiing,Ski Jumping,"ENGAN, Toralf",NOR,Men,K90 Individual (70M),Silver
1968,Grenoble,Biathlon,Biathlon,"GUNDARTSEV, Vladimir",URS,Men,20KM,Bronze
1968,Grenoble,Biathlon,Biathlon,"SOLBERG, Magnar",NOR,Men,20KM,Gold
1968,Grenoble,Biathlon,Biathlon,"TIKHONOV, Aleksandr",URS,Men,20KM,Silver
1968,Grenoble,Biathlon,Biathlon,"ARWIDSON, Lars-GÃ¶ran",SWE,Men,4X7.5KM Relay,Bronze
1968,Grenoble,Biathlon,Biathlon,"ERIKSSON, Tore",SWE,Men,4X7.5KM Relay,Bronze
1968,Grenoble,Biathlon,Biathlon,"OLSSON, Holmfrid",SWE,Men,4X7.5KM Relay,Bronze
1968,Grenoble,Biathlon,Biathlon,"PETRUSSON, Olle",SWE,Men,4X7.5KM Relay,Bronze
1968,Grenoble,Biathlon,Biathlon,"GUNDARTSEV, Vladimir",URS,Men,4X7.5KM Relay,Gold
1968,Grenoble,Biathlon,Biathlon,"MAMATOV, Viktor",URS,Men,4X7.5KM Relay,Gold
1968,Grenoble,Biathlon,Biathlon,"PUSANOV, NikolaÃ¯",URS,Men,4X7.5KM Relay,Gold
1968,Grenoble,Biathlon,Biathlon,"TIKHONOV, Aleksandr",URS,Men,4X7.5KM Relay,Gold
1968,Grenoble,Biathlon,Biathlon,"ISTAD, Jon",NOR,Men,4X7.5KM Relay,Silver
1968,Grenoble,Biathlon,Biathlon,"JORDET, Olav",NOR,Men,4X7.5KM Relay,Silver
1968,Grenoble,Biathlon,Biathlon,"SOLBERG, Magnar",NOR,Men,4X7.5KM Relay,Silver
1968,Grenoble,Biathlon,Biathlon,"WAERHAUG, Ola",NOR,Men,4X7.5KM Relay,Silver
1968,Grenoble,Bobsleigh,Bobsleigh,"CANDRIAN, Hans",SUI,Men,Four-Man,Bronze
1968,Grenoble,Bobsleigh,Bobsleigh,"GRAF, Walter",SUI,Men,Four-Man,Bronze
1968,Grenoble,Bobsleigh,Bobsleigh,"HOFMANN, Willi",SUI,Men,Four-Man,Bronze
1968,Grenoble,Bobsleigh,Bobsleigh,"WICKI, Jean",SUI,Men,Four-Man,Bronze
1968,Grenoble,Bobsleigh,Bobsleigh,"ARMANO, Mario",ITA,Men,Four-Man,Gold
1968,Grenoble,Bobsleigh,Bobsleigh,"DE PAOLIS, Luciano",ITA,Men,Four-Man,Gold
1968,Grenoble,Bobsleigh,Bobsleigh,"MONTI, Eugenio",ITA,Men,Four-Man,Gold
1968,Grenoble,Bobsleigh,Bobsleigh,"ZANDONELLA, Roberto",ITA,Men,Four-Man,Gold
1968,Grenoble,Bobsleigh,Bobsleigh,"DURNTHALER, Reinhold",AUT,Men,Four-Man,Silver
1968,Grenoble,Bobsleigh,Bobsleigh,"EDER, Josef",AUT,Men,Four-Man,Silver
1968,Grenoble,Bobsleigh,Bobsleigh,"GRUBER, Herbert",AUT,Men,Four-Man,Silver
1968,Grenoble,Bobsleigh,Bobsleigh,"THALER, Erwin",AUT,Men,Four-Man,Silver
1968,Grenoble,Bobsleigh,Bobsleigh,"NEAGOE, Nicolae",ROU,Men,Two-Man,Bronze
1968,Grenoble,Bobsleigh,Bobsleigh,"PANTURU, Ion",ROU,Men,Two-Man,Bronze
1968,Grenoble,Bobsleigh,Bobsleigh,"DE PAOLIS, Luciano",ITA,Men,Two-Man,Gold
1968,Grenoble,Bobsleigh,Bobsleigh,"MONTI, Eugenio",ITA,Men,Two-Man,Gold
1968,Grenoble,Bobsleigh,Bobsleigh,"BADER, Pepi",FRG,Men,Two-Man,Silver
1968,Grenoble,Bobsleigh,Bobsleigh,"FLOTH, Horst",FRG,Men,Two-Man,Silver
1968,Grenoble,Ice Hockey,Ice Hockey,"BOURBONNAIS, Roger",CAN,Men,Ice Hockey,Bronze
1968,Grenoble,Ice Hockey,Ice Hockey,"BRODERICK, Kenneth",CAN,Men,Ice Hockey,Bronze
1968,Grenoble,Ice Hockey,Ice Hockey,"CADIEUX, Raymond",CAN,Men,Ice Hockey,Bronze
1968,Grenoble,Ice Hockey,Ice Hockey,"CONLIN, Paul",CAN,Men,Ice Hockey,Bronze
1968,Grenoble,Ice Hockey,Ice Hockey,"DINEEN, Gary",CAN,Men,Ice Hockey,Bronze
1968,Grenoble,Ice Hockey,Ice Hockey,"GLENNIE, Brian",CAN,Men,Ice Hockey,Bronze
1968,Grenoble,Ice Hockey,Ice Hockey,"HARGREAVES, Ted",CAN,Men,Ice Hockey,Bronze
1968,Grenoble,Ice Hockey,Ice Hockey,"HUCK, Francis",CAN,Men,Ice Hockey,Bronze
1968,Grenoble,Ice Hockey,Ice Hockey,"JOHNSTON, Larry Marshall",CAN,Men,Ice Hockey,Bronze
1968,Grenoble,Ice Hockey,Ice Hockey,"MCKENZIE, John Barry",CAN,Men,Ice Hockey,Bronze
1968,Grenoble,Ice Hockey,Ice Hockey,"MCMILLAN, William",CAN,Men,Ice Hockey,Bronze
1968,Grenoble,Ice Hockey,Ice Hockey,"MONTEITH, Stephen",CAN,Men,Ice Hockey,Bronze
1968,Grenoble,Ice Hockey,Ice Hockey,"MOTT, Morris",CAN,Men,Ice Hockey,Bronze
1968,Grenoble,Ice Hockey,Ice Hockey,"O'MALLEY, Terrence",CAN,Men,Ice Hockey,Bronze
1968,Grenoble,Ice Hockey,Ice Hockey,"O'SHEA, Danny",CAN,Men,Ice Hockey,Bronze
1968,Grenoble,Ice Hockey,Ice Hockey,"PINDER, Gerry",CAN,Men,Ice Hockey,Bronze
1968,Grenoble,Ice Hockey,Ice Hockey,"PINDER, Herbert",CAN,Men,Ice Hockey,Bronze
1968,Grenoble,Ice Hockey,Ice Hockey,"STEPHENSON, Wayne",CAN,Men,Ice Hockey,Bronze
1968,Grenoble,Ice Hockey,Ice Hockey,"ALEKSANDROV, Veniamin",URS,Men,Ice Hockey,Gold
1968,Grenoble,Ice Hockey,Ice Hockey,"BLINOV, Viktor",URS,Men,Ice Hockey,Gold
1968,Grenoble,Ice Hockey,Ice Hockey,"DAVIDOV, Vitali",URS,Men,Ice Hockey,Gold
1968,Grenoble,Ice Hockey,Ice Hockey,"FIRSOV, Anatoli",URS,Men,Ice Hockey,Gold
1968,Grenoble,Ice Hockey,Ice Hockey,"IONOV, Anatoli",URS,Men,Ice Hockey,Gold
1968,Grenoble,Ice Hockey,Ice Hockey,"KONOVALENKO, Viktor",URS,Men,Ice Hockey,Gold
1968,Grenoble,Ice Hockey,Ice Hockey,"KOUSKINE, Viktor",URS,Men,Ice Hockey,Gold
1968,Grenoble,Ice Hockey,Ice Hockey,"MAYOROV, Boris",URS,Men,Ice Hockey,Gold
1968,Grenoble,Ice Hockey,Ice Hockey,"MISHAKOV, Evgeni",URS,Men,Ice Hockey,Gold
1968,Grenoble,Ice Hockey,Ice Hockey,"MOISSEYEV, Yuri",URS,Men,Ice Hockey,Gold
1968,Grenoble,Ice Hockey,Ice Hockey,"POLUPANOV, Viktor",URS,Men,Ice Hockey,Gold
1968,Grenoble,Ice Hockey,Ice Hockey,"RAGULIN, Aleksandr",URS,Men,Ice Hockey,Gold
1968,Grenoble,Ice Hockey,Ice Hockey,"ROMICHEVSKY, Igor",URS,Men,Ice Hockey,Gold
1968,Grenoble,Ice Hockey,Ice Hockey,"STARSHINOV, Viacheslav",URS,Men,Ice Hockey,Gold
1968,Grenoble,Ice Hockey,Ice Hockey,"VIKULOV, Vladimir",URS,Men,Ice Hockey,Gold
1968,Grenoble,Ice Hockey,Ice Hockey,"ZAITZEV, Oleg",URS,Men,Ice Hockey,Gold
1968,Grenoble,Ice Hockey,Ice Hockey,"ZIMIN, Evgeni",URS,Men,Ice Hockey,Gold
1968,Grenoble,Ice Hockey,Ice Hockey,"ZINGER, Viktor",URS,Men,Ice Hockey,Gold
1968,Grenoble,Ice Hockey,Ice Hockey,"CERNY, Josef",TCH,Men,Ice Hockey,Silver
1968,Grenoble,Ice Hockey,Ice Hockey,"DZURILLA, Vladimir",TCH,Men,Ice Hockey,Silver
1968,Grenoble,Ice Hockey,Ice Hockey,"GOLONKA, Josef",TCH,Men,Ice Hockey,Silver
1968,Grenoble,Ice Hockey,Ice Hockey,"HAVEL, Jan",TCH,Men,Ice Hockey,Silver
1968,Grenoble,Ice Hockey,Ice Hockey,"HEJMA, Petr",TCH,Men,Ice Hockey,Silver
1968,Grenoble,Ice Hockey,Ice Hockey,"HOLIK, Jiri",TCH,Men,Ice Hockey,Silver
1968,Grenoble,Ice Hockey,Ice Hockey,"HORESOVSKY, Josef",TCH,Men,Ice Hockey,Silver
1968,Grenoble,Ice Hockey,Ice Hockey,"HRBATY, Jan",TCH,Men,Ice Hockey,Silver
1968,Grenoble,Ice Hockey,Ice Hockey,"JIRIK, Jaroslav",TCH,Men,Ice Hockey,Silver
1968,Grenoble,Ice Hockey,Ice Hockey,"KLAPAC, Jan",TCH,Men,Ice Hockey,Silver
1968,Grenoble,Ice Hockey,Ice Hockey,"KOCHTA, Jiri",TCH,Men,Ice Hockey,Silver
1968,Grenoble,Ice Hockey,Ice Hockey,"MACHAC, Oldrich",TCH,Men,Ice Hockey,Silver
1968,Grenoble,Ice Hockey,Ice Hockey,"MASOPUST, Karel",TCH,Men,Ice Hockey,Silver
1968,Grenoble,Ice Hockey,Ice Hockey,"NADRCHAL, Vladimir",TCH,Men,Ice Hockey,Silver
1968,Grenoble,Ice Hockey,Ice Hockey,"NEDOMANSKY, Vaclav",TCH,Men,Ice Hockey,Silver
1968,Grenoble,Ice Hockey,Ice Hockey,"POSPISIL, Frantisek",TCH,Men,Ice Hockey,Silver
1968,Grenoble,Ice Hockey,Ice Hockey,"SEVCIK, Frantisek",TCH,Men,Ice Hockey,Silver
1968,Grenoble,Ice Hockey,Ice Hockey,"SUCHY, Jan",TCH,Men,Ice Hockey,Silver
1968,Grenoble,Luge,Luge,"NACHMANN, Fritz",FRG,Men,Doubles,Bronze
1968,Grenoble,Luge,Luge,"WINKLER, Wolfgang",FRG,Men,Doubles,Bronze
1968,Grenoble,Luge,Luge,"BONSACK, Klaus",GDR,Men,Doubles,Gold
1968,Grenoble,Luge,Luge,"KÃ–HLER, Thomas",GDR,Men,Doubles,Gold
1968,Grenoble,Luge,Luge,"SCHMID, Manfred",AUT,Men,Doubles,Silver
1968,Grenoble,Luge,Luge,"WALCH, Ewald",AUT,Men,Doubles,Silver
1968,Grenoble,Luge,Luge,"BONSACK, Klaus",GDR,Men,Singles,Bronze
1968,Grenoble,Luge,Luge,"SCHMID, Manfred",AUT,Men,Singles,Gold
1968,Grenoble,Luge,Luge,"KÃ–HLER, Thomas",GDR,Men,Singles,Silver
1968,Grenoble,Luge,Luge,"DÃœNHAUPT, Angelika",FRG,Women,Singles,Bronze
1968,Grenoble,Luge,Luge,"LECHNER, Erica",ITA,Women,Singles,Gold
1968,Grenoble,Luge,Luge,"SCHMUCK, Christa",FRG,Women,Singles,Silver
1968,Grenoble,Skating,Figure skating,"PERA, Patrick",FRA,Men,Individual,Bronze
1968,Grenoble,Skating,Figure skating,"SCHWARZ, Wolfgang",AUT,Men,Individual,Gold
1968,Grenoble,Skating,Figure skating,"WOOD, Timothy",USA,Men,Individual,Silver
1968,Grenoble,Skating,Figure skating,"MASKOVA, Hana",TCH,Women,Individual,Bronze
1968,Grenoble,Skating,Figure skating,"FLEMING, Peggy",USA,Women,Individual,Gold
1968,Grenoble,Skating,Figure skating,"SEYFERT, Gabriele",GDR,Women,Individual,Silver
1968,Grenoble,Skating,Figure skating,"DANNE, Wolfgang",FRG,Men,Pairs,Bronze
1968,Grenoble,Skating,Figure skating,"GLOCKSHUBER, Margot",FRG,Women,Pairs,Bronze
1968,Grenoble,Skating,Figure skating,"BELOUSOVA, Lyudmila",URS,Women,Pairs,Gold
1968,Grenoble,Skating,Figure skating,"PROTOPOPOV, Oleg",URS,Men,Pairs,Gold
1968,Grenoble,Skating,Figure skating,"GORELIK, Aleksandr",URS,Men,Pairs,Silver
1968,Grenoble,Skating,Figure skating,"ZHUK, Tatyana",URS,Women,Pairs,Silver
1968,Grenoble,Skating,Speed skating,"SANDLER, Ã–rjan",SWE,Men,10000M,Bronze
1968,Grenoble,Skating,Speed skating,"HÃ–GLIN, Johnny",SWE,Men,10000M,Gold
1968,Grenoble,Skating,Speed skating,"MAIER, Fred Anton",NOR,Men,10000M,Silver
1968,Grenoble,Skating,Speed skating,"HOLUM, Dianne",USA,Women,1000M,Bronze
1968,Grenoble,Skating,Speed skating,"GEIJSSEN, Carolina",NED,Women,1000M,Gold
1968,Grenoble,Skating,Speed skating,"TITOVA, Lyudmila",URS,Women,1000M,Silver
1968,Grenoble,Skating,Speed skating,"VERKERK, Cornelis",NED,Men,1500M,Gold
1968,Grenoble,Skating,Speed skating,"SCHENK, Ard",NED,Men,1500M,Silver
1968,Grenoble,Skating,Speed skating,"ERIKSEN, Ivar",NOR,Men,1500M,Silver
1968,Grenoble,Skating,Speed skating,"KAISER, Christina",NED,Women,1500M,Bronze
1968,Grenoble,Skating,Speed skating,"MUSTONEN, Kaija",FIN,Women,1500M,Gold
1968,Grenoble,Skating,Speed skating,"GEIJSSEN, Carolina",NED,Women,1500M,Silver
1968,Grenoble,Skating,Speed skating,"KAISER, Christina",NED,Women,3000M,Bronze
1968,Grenoble,Skating,Speed skating,"SCHUT, Johanna",NED,Women,3000M,Gold
1968,Grenoble,Skating,Speed skating,"MUSTONEN, Kaija",FIN,Women,3000M,Silver
1968,Grenoble,Skating,Speed skating,"NOTTET, Petrus",NED,Men,5000M,Bronze
1968,Grenoble,Skating,Speed skating,"MAIER, Fred Anton",NOR,Men,5000M,Gold
1968,Grenoble,Skating,Speed skating,"VERKERK, Cornelis",NED,Men,5000M,Silver
1968,Grenoble,Skating,Speed skating,"KELLER, Erhard",FRG,Men,500M,Gold
1968,Grenoble,Skating,Speed skating,"THOMASSEN, Magne",NOR,Men,500M,Silver
1968,Grenoble,Skating,Speed skating,"MCDERMOTT, Richard",USA,Men,500M,Silver
1968,Grenoble,Skating,Speed skating,"TITOVA, Lyudmila",URS,Women,500M,Gold
1968,Grenoble,Skating,Speed skating,"FISH, Jennifer",USA,Women,500M,Silver
1968,Grenoble,Skating,Speed skating,"HOLUM, Dianne",USA,Women,500M,Silver
1968,Grenoble,Skating,Speed skating,"MEYERS, Mary",USA,Women,500M,Silver
1968,Grenoble,Skiing,Alpine Skiing,"DÃ„TWYLER, Jean-Daniel",SUI,Men,Downhill,Bronze
1968,Grenoble,Skiing,Alpine Skiing,"KILLY, Jean-Claude",FRA,Men,Downhill,Gold
1968,Grenoble,Skiing,Alpine Skiing,"PÃ‰RILLAT, Guy",FRA,Men,Downhill,Silver
1968,Grenoble,Skiing,Alpine Skiing,"HAAS, Christl",AUT,Women,Downhill,Bronze
1968,Grenoble,Skiing,Alpine Skiing,"PALL, Olga",AUT,Women,Downhill,Gold
1968,Grenoble,Skiing,Alpine Skiing,"MIR, Isabelle",FRA,Women,Downhill,Silver
1968,Grenoble,Skiing,Alpine Skiing,"MESSNER, Heinrich",AUT,Men,Giant Slalom,Bronze
1968,Grenoble,Skiing,Alpine Skiing,"KILLY, Jean-Claude",FRA,Men,Giant Slalom,Gold
1968,Grenoble,Skiing,Alpine Skiing,"FAVRE, Willy",SUI,Men,Giant Slalom,Silver
1968,Grenoble,Skiing,Alpine Skiing,"BOCHATAY, Fernande",SUI,Women,Giant Slalom,Bronze
1968,Grenoble,Skiing,Alpine Skiing,"GREENE, Nancy",CAN,Women,Giant Slalom,Gold
1968,Grenoble,Skiing,Alpine Skiing,"FAMOSE, Annie",FRA,Women,Giant Slalom,Silver
1968,Grenoble,Skiing,Alpine Skiing,"MATT, Alfred",AUT,Men,Slalom,Bronze
1968,Grenoble,Skiing,Alpine Skiing,"KILLY, Jean-Claude",FRA,Men,Slalom,Gold
1968,Grenoble,Skiing,Alpine Skiing,"HUBER, Herbert",AUT,Men,Slalom,Silver
1968,Grenoble,Skiing,Alpine Skiing,"FAMOSE, Annie",FRA,Women,Slalom,Bronze
1968,Grenoble,Skiing,Alpine Skiing,"GOITSCHEL, Marielle",FRA,Women,Slalom,Gold
1968,Grenoble,Skiing,Alpine Skiing,"GREENE, Nancy",CAN,Women,Slalom,Silver
1968,Grenoble,Skiing,Cross Country Skiing,"AUFLES, Inger",NOR,Women,10KM,Bronze
1968,Grenoble,Skiing,Cross Country Skiing,"GUSTAFSSON, Toini",SWE,Women,10KM,Gold
1968,Grenoble,Skiing,Cross Country Skiing,"MÃ–RDRE, Berit",NOR,Women,10KM,Silver
1968,Grenoble,Skiing,Cross Country Skiing,"LARSSON, Gunnar",SWE,Men,15KM,Bronze
1968,Grenoble,Skiing,Cross Country Skiing,"GRÃ–NNINGEN, Harald",NOR,Men,15KM,Gold
1968,Grenoble,Skiing,Cross Country Skiing,"MÃ„NTYRANTA, Eero",FIN,Men,15KM,Silver
1968,Grenoble,Skiing,Cross Country Skiing,"MÃ„NTYRANTA, Eero",FIN,Men,30KM Mass Start,Bronze
1968,Grenoble,Skiing,Cross Country Skiing,"NONES, Franco",ITA,Men,30KM Mass Start,Gold
1968,Grenoble,Skiing,Cross Country Skiing,"MARTINSEN, Odd",NOR,Men,30KM Mass Start,Silver
1968,Grenoble,Skiing,Cross Country Skiing,"ACHKINA, Rita",URS,Women,3X5KM Relay,Bronze
1968,Grenoble,Skiing,Cross Country Skiing,"KOLCHINA, Alevtina",URS,Women,3X5KM Relay,Bronze
1968,Grenoble,Skiing,Cross Country Skiing,"KULAKOVA, Galina",URS,Women,3X5KM Relay,Bronze
1968,Grenoble,Skiing,Cross Country Skiing,"AUFLES, Inger",NOR,Women,3X5KM Relay,Gold
1968,Grenoble,Skiing,Cross Country Skiing,"ENGER, Babben",NOR,Women,3X5KM Relay,Gold
1968,Grenoble,Skiing,Cross Country Skiing,"MÃ–RDRE, Berit",NOR,Women,3X5KM Relay,Gold
1968,Grenoble,Skiing,Cross Country Skiing,"GUSTAFSSON, Toini",SWE,Women,3X5KM Relay,Silver
1968,Grenoble,Skiing,Cross Country Skiing,"MARTINSSON, Barbro",SWE,Women,3X5KM Relay,Silver
1968,Grenoble,Skiing,Cross Country Skiing,"STRANDBERG, Britt",SWE,Women,3X5KM Relay,Silver
1968,Grenoble,Skiing,Cross Country Skiing,"LAURILA, Kalevi",FIN,Men,4X10KM Relay,Bronze
1968,Grenoble,Skiing,Cross Country Skiing,"MÃ„NTYRANTA, Eero",FIN,Men,4X10KM Relay,Bronze
1968,Grenoble,Skiing,Cross Country Skiing,"OIKARAINEN, Kalevi",FIN,Men,4X10KM Relay,Bronze
1968,Grenoble,Skiing,Cross Country Skiing,"TAIPALE, Hannu",FIN,Men,4X10KM Relay,Bronze
1968,Grenoble,Skiing,Cross Country Skiing,"ELLEFSAETER, Ole",NOR,Men,4X10KM Relay,Gold
1968,Grenoble,Skiing,Cross Country Skiing,"GRÃ–NNINGEN, Harald",NOR,Men,4X10KM Relay,Gold
1968,Grenoble,Skiing,Cross Country Skiing,"MARTINSEN, Odd",NOR,Men,4X10KM Relay,Gold
1968,Grenoble,Skiing,Cross Country Skiing,"TYLDUM, Paal",NOR,Men,4X10KM Relay,Gold
1968,Grenoble,Skiing,Cross Country Skiing,"ANDERSSON, Bjarne",SWE,Men,4X10KM Relay,Silver
1968,Grenoble,Skiing,Cross Country Skiing,"HALVARSSON, Jan",SWE,Men,4X10KM Relay,Silver
1968,Grenoble,Skiing,Cross Country Skiing,"LARSSON, Gunnar",SWE,Men,4X10KM Relay,Silver
1968,Grenoble,Skiing,Cross Country Skiing,"RÃ–NNLUND, Assar",SWE,Men,4X10KM Relay,Silver
1968,Grenoble,Skiing,Cross Country Skiing,"HAAS, Joseph",SUI,Men,50KM,Bronze
1968,Grenoble,Skiing,Cross Country Skiing,"ELLEFSAETER, Ole",NOR,Men,50KM,Gold
1968,Grenoble,Skiing,Cross Country Skiing,"VEDENIN, Vyacheslav",URS,Men,50KM,Silver
1968,Grenoble,Skiing,Cross Country Skiing,"KOLCHINA, Alevtina",URS,Women,5KM,Bronze
1968,Grenoble,Skiing,Cross Country Skiing,"GUSTAFSSON, Toini",SWE,Women,5KM,Gold
1968,Grenoble,Skiing,Cross Country Skiing,"KULAKOVA, Galina",URS,Women,5KM,Silver
1968,Grenoble,Skiing,Nordic Combined,"KUNZ, Andreas",GDR,Men,Individual,Bronze
1968,Grenoble,Skiing,Nordic Combined,"KELLER, Franz",FRG,Men,Individual,Gold
1968,Grenoble,Skiing,Nordic Combined,"KÃ„LIN, Alois",SUI,Men,Individual,Silver
1968,Grenoble,Skiing,Ski Jumping,"GRINI, Lars",NOR,Men,K120 Individual (90M),Bronze
1968,Grenoble,Skiing,Ski Jumping,"BELOUSOV, Vladimir",URS,Men,K120 Individual (90M),Gold
1968,Grenoble,Skiing,Ski Jumping,"RASKA, Jiri",TCH,Men,K120 Individual (90M),Silver
1968,Grenoble,Skiing,Ski Jumping,"PREIML, Baldur",AUT,Men,K90 Individual (70M),Bronze
1968,Grenoble,Skiing,Ski Jumping,"RASKA, Jiri",TCH,Men,K90 Individual (70M),Gold
1968,Grenoble,Skiing,Ski Jumping,"BACHLER, Reinhold",AUT,Men,K90 Individual (70M),Silver
1972,Sapporo,Biathlon,Biathlon,"ARWIDSON, Lars-GÃ¶ran",SWE,Men,20KM,Bronze
1972,Sapporo,Biathlon,Biathlon,"SOLBERG, Magnar",NOR,Men,20KM,Gold
1972,Sapporo,Biathlon,Biathlon,"KNAUTHE, H-Joerg",GDR,Men,20KM,Silver
1972,Sapporo,Biathlon,Biathlon,"KNAUTHE, H-Joerg",GDR,Men,4X7.5KM Relay,Bronze
1972,Sapporo,Biathlon,Biathlon,"KOSCHKA, Horst",GDR,Men,4X7.5KM Relay,Bronze
1972,Sapporo,Biathlon,Biathlon,"MEISCHNER, Joachim",GDR,Men,4X7.5KM Relay,Bronze
1972,Sapporo,Biathlon,Biathlon,"SPEER, Dieter",GDR,Men,4X7.5KM Relay,Bronze
1972,Sapporo,Biathlon,Biathlon,"BIAKOV, Ivan",URS,Men,4X7.5KM Relay,Gold
1972,Sapporo,Biathlon,Biathlon,"MAMATOV, Viktor",URS,Men,4X7.5KM Relay,Gold
1972,Sapporo,Biathlon,Biathlon,"SAFINE, Rinnat",URS,Men,4X7.5KM Relay,Gold
1972,Sapporo,Biathlon,Biathlon,"TIKHONOV, Aleksandr",URS,Men,4X7.5KM Relay,Gold
1972,Sapporo,Biathlon,Biathlon,"IKOLA, Heikki",FIN,Men,4X7.5KM Relay,Silver
1972,Sapporo,Biathlon,Biathlon,"RÃ–PPÃ„NEN, Mauri",FIN,Men,4X7.5KM Relay,Silver
1972,Sapporo,Biathlon,Biathlon,"SAIRA, Esko",FIN,Men,4X7.5KM Relay,Silver
1972,Sapporo,Biathlon,Biathlon,"SUUTARINEN, Juhani",FIN,Men,4X7.5KM Relay,Silver
1972,Sapporo,Bobsleigh,Bobsleigh,"GAISREITER, Stefan",FRG,Men,Four-Man,Bronze
1972,Sapporo,Bobsleigh,Bobsleigh,"STEINBAUER, Walter",FRG,Men,Four-Man,Bronze
1972,Sapporo,Bobsleigh,Bobsleigh,"UTZSCHNEIDER, Peter",FRG,Men,Four-Man,Bronze
1972,Sapporo,Bobsleigh,Bobsleigh,"ZIMMERER, Wolfgang",FRG,Men,Four-Man,Bronze
1972,Sapporo,Bobsleigh,Bobsleigh,"CAMICHEL, Werner",SUI,Men,Four-Man,Gold
1972,Sapporo,Bobsleigh,Bobsleigh,"HUBACHER, Edy",SUI,Men,Four-Man,Gold
1972,Sapporo,Bobsleigh,Bobsleigh,"LEUTENEGGER, Hans",SUI,Men,Four-Man,Gold
1972,Sapporo,Bobsleigh,Bobsleigh,"WICKI, Jean",SUI,Men,Four-Man,Gold
1972,Sapporo,Bobsleigh,Bobsleigh,"BONICHON, Gianni",ITA,Men,Four-Man,Silver
1972,Sapporo,Bobsleigh,Bobsleigh,"DAL FABBRO, Corrado",ITA,Men,Four-Man,Silver
1972,Sapporo,Bobsleigh,Bobsleigh,"DE ZORDO, Nevio",ITA,Men,Four-Man,Silver
1972,Sapporo,Bobsleigh,Bobsleigh,"FRASSINELLI, Adriano",ITA,Men,Four-Man,Silver
1972,Sapporo,Bobsleigh,Bobsleigh,"HUBACHER, Edy",SUI,Men,Two-Man,Bronze
1972,Sapporo,Bobsleigh,Bobsleigh,"WICKI, Jean",SUI,Men,Two-Man,Bronze
1972,Sapporo,Bobsleigh,Bobsleigh,"UTZSCHNEIDER, Peter",FRG,Men,Two-Man,Gold
1972,Sapporo,Bobsleigh,Bobsleigh,"ZIMMERER, Wolfgang",FRG,Men,Two-Man,Gold
1972,Sapporo,Bobsleigh,Bobsleigh,"BADER, Pepi",FRG,Men,Two-Man,Silver
1972,Sapporo,Bobsleigh,Bobsleigh,"FLOTH, Horst",FRG,Men,Two-Man,Silver
1972,Sapporo,Ice Hockey,Ice Hockey,"BEDNAR, Vladimir",TCH,Men,Ice Hockey,Bronze
1972,Sapporo,Ice Hockey,Ice Hockey,"CERNY, Josef",TCH,Men,Ice Hockey,Bronze
1972,Sapporo,Ice Hockey,Ice Hockey,"DZURILLA, Vladimir",TCH,Men,Ice Hockey,Bronze
1972,Sapporo,Ice Hockey,Ice Hockey,"FARDA, Richard",TCH,Men,Ice Hockey,Bronze
1972,Sapporo,Ice Hockey,Ice Hockey,"HLINKA, Ivan",TCH,Men,Ice Hockey,Bronze
1972,Sapporo,Ice Hockey,Ice Hockey,"HOLECEK, Jiri",TCH,Men,Ice Hockey,Bronze
1972,Sapporo,Ice Hockey,Ice Hockey,"HOLIK, Jaroslav",TCH,Men,Ice Hockey,Bronze
1972,Sapporo,Ice Hockey,Ice Hockey,"HOLIK, Jiri",TCH,Men,Ice Hockey,Bronze
1972,Sapporo,Ice Hockey,Ice Hockey,"HORESOVSKY, Josef",TCH,Men,Ice Hockey,Bronze
1972,Sapporo,Ice Hockey,Ice Hockey,"KOCHTA, Jiri",TCH,Men,Ice Hockey,Bronze
1972,Sapporo,Ice Hockey,Ice Hockey,"MACHAC, Oldrich",TCH,Men,Ice Hockey,Bronze
1972,Sapporo,Ice Hockey,Ice Hockey,"MARTINEC, Vladimir",TCH,Men,Ice Hockey,Bronze
1972,Sapporo,Ice Hockey,Ice Hockey,"NEDOMANSKY, Vaclav",TCH,Men,Ice Hockey,Bronze
1972,Sapporo,Ice Hockey,Ice Hockey,"NOVAK, Eduard",TCH,Men,Ice Hockey,Bronze
1972,Sapporo,Ice Hockey,Ice Hockey,"POSPISIL, Frantisek",TCH,Men,Ice Hockey,Bronze
1972,Sapporo,Ice Hockey,Ice Hockey,"STASTNY, Bohuslav",TCH,Men,Ice Hockey,Bronze
1972,Sapporo,Ice Hockey,Ice Hockey,"TAJCNAR, Rudolf",TCH,Men,Ice Hockey,Bronze
1972,Sapporo,Ice Hockey,Ice Hockey,"VOHRALIK, Karel",TCH,Men,Ice Hockey,Bronze
1972,Sapporo,Ice Hockey,Ice Hockey,"BLINOV, Yuri",URS,Men,Ice Hockey,Gold
1972,Sapporo,Ice Hockey,Ice Hockey,"DAVIDOV, Vitali",URS,Men,Ice Hockey,Gold
1972,Sapporo,Ice Hockey,Ice Hockey,"FIRSOV, Anatoli",URS,Men,Ice Hockey,Gold
1972,Sapporo,Ice Hockey,Ice Hockey,"KHARLAMOV, Valery",URS,Men,Ice Hockey,Gold
1972,Sapporo,Ice Hockey,Ice Hockey,"KOUSKINE, Viktor",URS,Men,Ice Hockey,Gold
1972,Sapporo,Ice Hockey,Ice Hockey,"LUTCHENKO, Vladimir",URS,Men,Ice Hockey,Gold
1972,Sapporo,Ice Hockey,Ice Hockey,"MALTSEV, Aleksandr",URS,Men,Ice Hockey,Gold
1972,Sapporo,Ice Hockey,Ice Hockey,"MIKHAYLOV, Boris",URS,Men,Ice Hockey,Gold
1972,Sapporo,Ice Hockey,Ice Hockey,"MISHAKOV, Evgeni",URS,Men,Ice Hockey,Gold
1972,Sapporo,Ice Hockey,Ice Hockey,"PACHKOV, Aleksandr",URS,Men,Ice Hockey,Gold
1972,Sapporo,Ice Hockey,Ice Hockey,"PETROV, Vladimir",URS,Men,Ice Hockey,Gold
1972,Sapporo,Ice Hockey,Ice Hockey,"RAGULIN, Aleksandr",URS,Men,Ice Hockey,Gold
1972,Sapporo,Ice Hockey,Ice Hockey,"ROMICHEVSKY, Igor",URS,Men,Ice Hockey,Gold
1972,Sapporo,Ice Hockey,Ice Hockey,"SHADRIN, Vladimir",URS,Men,Ice Hockey,Gold
1972,Sapporo,Ice Hockey,Ice Hockey,"TRETYAK, Vladislav",URS,Men,Ice Hockey,Gold
1972,Sapporo,Ice Hockey,Ice Hockey,"TSYGANKOV, Gennady",URS,Men,Ice Hockey,Gold
1972,Sapporo,Ice Hockey,Ice Hockey,"VASILYEV, Valery",URS,Men,Ice Hockey,Gold
1972,Sapporo,Ice Hockey,Ice Hockey,"VIKULOV, Vladimir",URS,Men,Ice Hockey,Gold
1972,Sapporo,Ice Hockey,Ice Hockey,"YAKUSHEV, Aleksandr",URS,Men,Ice Hockey,Gold
1972,Sapporo,Ice Hockey,Ice Hockey,"ZIMIN, Evgeni",URS,Men,Ice Hockey,Gold
1972,Sapporo,Ice Hockey,Ice Hockey,"AHEARN, Kevin Joseph",USA,Men,Ice Hockey,Silver
1972,Sapporo,Ice Hockey,Ice Hockey,"BOUCHA, Henry",USA,Men,Ice Hockey,Silver
1972,Sapporo,Ice Hockey,Ice Hockey,"BROWN, Charles Erwin",USA,Men,Ice Hockey,Silver
1972,Sapporo,Ice Hockey,Ice Hockey,"CHRISTIANSEN, Keith",USA,Men,Ice Hockey,Silver
1972,Sapporo,Ice Hockey,Ice Hockey,"CURRAN, Michael",USA,Men,Ice Hockey,Silver
1972,Sapporo,Ice Hockey,Ice Hockey,"FTOREK, Robbie",USA,Men,Ice Hockey,Silver
1972,Sapporo,Ice Hockey,Ice Hockey,"HOWE, Mark",USA,Men,Ice Hockey,Silver
1972,Sapporo,Ice Hockey,Ice Hockey,"HYMANSON, Jeffrey",USA,Men,Ice Hockey,Silver
1972,Sapporo,Ice Hockey,Ice Hockey,"IRVING, Stuart",USA,Men,Ice Hockey,Silver
1972,Sapporo,Ice Hockey,Ice Hockey,"MCELMURY, James",USA,Men,Ice Hockey,Silver
1972,Sapporo,Ice Hockey,Ice Hockey,"MCGLYNN, Richard",USA,Men,Ice Hockey,Silver
1972,Sapporo,Ice Hockey,Ice Hockey,"MELLOR, Thomas",USA,Men,Ice Hockey,Silver
1972,Sapporo,Ice Hockey,Ice Hockey,"NÃ„SLUND, Ronald",USA,Men,Ice Hockey,Silver
1972,Sapporo,Ice Hockey,Ice Hockey,"OLDS, Walter",USA,Men,Ice Hockey,Silver
1972,Sapporo,Ice Hockey,Ice Hockey,"SANDERS, Franklynn",USA,Men,Ice Hockey,Silver
1972,Sapporo,Ice Hockey,Ice Hockey,"SARNER, Craig",USA,Men,Ice Hockey,Silver
1972,Sapporo,Ice Hockey,Ice Hockey,"SEARS, Peter",USA,Men,Ice Hockey,Silver
1972,Sapporo,Ice Hockey,Ice Hockey,"SHEEHY, Timothy",USA,Men,Ice Hockey,Silver
1972,Sapporo,Luge,Luge,"BONSACK, Klaus",GDR,Men,Doubles,Bronze
1972,Sapporo,Luge,Luge,"FIEDLER, Wolfram",GDR,Men,Doubles,Bronze
1972,Sapporo,Luge,Luge,"BREDOW, Reinhard",GDR,Men,Doubles,Gold
1972,Sapporo,Luge,Luge,"HÃ–RNLEIN, Horst",GDR,Men,Doubles,Gold
1972,Sapporo,Luge,Luge,"HILDGARTNER, Paul",ITA,Men,Doubles,Gold
1972,Sapporo,Luge,Luge,"PLAIKNER, Walter",ITA,Men,Doubles,Gold
1972,Sapporo,Luge,Luge,"FIEDLER, Wolfram",GDR,Men,Singles,Bronze
1972,Sapporo,Luge,Luge,"SCHEIDEL, Wolfgang",GDR,Men,Singles,Gold
1972,Sapporo,Luge,Luge,"EHRIG, Harald",GDR,Men,Singles,Silver
1972,Sapporo,Luge,Luge,"SCHUMANN, Margit",GDR,Women,Singles,Bronze
1972,Sapporo,Luge,Luge,"MÃœLLER, Anna-Maria",GDR,Women,Singles,Gold
1972,Sapporo,Luge,Luge,"RÃœHROLD, Ute",GDR,Women,Singles,Silver
1972,Sapporo,Skating,Figure skating,"PERA, Patrick",FRA,Men,Individual,Bronze
1972,Sapporo,Skating,Figure skating,"NEPELA, Ondrej",TCH,Men,Individual,Gold
1972,Sapporo,Skating,Figure skating,"CHETVERUKHIN, Sergey",URS,Men,Individual,Silver
1972,Sapporo,Skating,Figure skating,"LYNN, Janet",USA,Women,Individual,Bronze
1972,Sapporo,Skating,Figure skating,"SCHUBA, Beatrix",AUT,Women,Individual,Gold
1972,Sapporo,Skating,Figure skating,"MAGNUSSEN, Karen",CAN,Women,Individual,Silver
1972,Sapporo,Skating,Figure skating,"GROSS, Manuela",GDR,Women,Pairs,Bronze
1972,Sapporo,Skating,Figure skating,"KAGELMANN, Uwe",GDR,Men,Pairs,Bronze
1972,Sapporo,Skating,Figure skating,"RODNINA, Irina",URS,Women,Pairs,Gold
1972,Sapporo,Skating,Figure skating,"ULANOV, Aleksey",URS,Men,Pairs,Gold
1972,Sapporo,Skating,Figure skating,"SMIRNOVA, Lyudmila",URS,Women,Pairs,Silver
1972,Sapporo,Skating,Figure skating,"SURAYKIN, Andrey",URS,Men,Pairs,Silver
1972,Sapporo,Skating,Speed skating,"STENSEN, Sten",NOR,Men,10000M,Bronze
1972,Sapporo,Skating,Speed skating,"SCHENK, Ard",NED,Men,10000M,Gold
1972,Sapporo,Skating,Speed skating,"VERKERK, Cornelis",NED,Men,10000M,Silver
1972,Sapporo,Skating,Speed skating,"HENNING, Anne",USA,Women,1000M,Bronze
1972,Sapporo,Skating,Speed skating,"HOLZNER-GAWENUS, Monika",FRG,Women,1000M,Gold
1972,Sapporo,Skating,Speed skating,"DEELSTRA, Atje",NED,Women,1000M,Silver
1972,Sapporo,Skating,Speed skating,"CLAESSON, GÃ¶ran",SWE,Men,1500M,Bronze
1972,Sapporo,Skating,Speed skating,"SCHENK, Ard",NED,Men,1500M,Gold
1972,Sapporo,Skating,Speed skating,"GRÃ–NVOLD, Roar",NOR,Men,1500M,Silver
1972,Sapporo,Skating,Speed skating,"DEELSTRA, Atje",NED,Women,1500M,Bronze
1972,Sapporo,Skating,Speed skating,"HOLUM, Dianne",USA,Women,1500M,Gold
1972,Sapporo,Skating,Speed skating,"KAISER, Christina",NED,Women,1500M,Silver
1972,Sapporo,Skating,Speed skating,"DEELSTRA, Atje",NED,Women,3000M,Bronze
1972,Sapporo,Skating,Speed skating,"KAISER, Christina",NED,Women,3000M,Gold
1972,Sapporo,Skating,Speed skating,"HOLUM, Dianne",USA,Women,3000M,Silver
1972,Sapporo,Skating,Speed skating,"STENSEN, Sten",NOR,Men,5000M,Bronze
1972,Sapporo,Skating,Speed skating,"SCHENK, Ard",NED,Men,5000M,Gold
1972,Sapporo,Skating,Speed skating,"GRÃ–NVOLD, Roar",NOR,Men,5000M,Silver
1972,Sapporo,Skating,Speed skating,"MURATOV, Valery",URS,Men,500M,Bronze
1972,Sapporo,Skating,Speed skating,"KELLER, Erhard",FRG,Men,500M,Gold
1972,Sapporo,Skating,Speed skating,"BÃ–RJES, Hasse",SWE,Men,500M,Silver
1972,Sapporo,Skating,Speed skating,"TITOVA, Lyudmila",URS,Women,500M,Bronze
1972,Sapporo,Skating,Speed skating,"HENNING, Anne",USA,Women,500M,Gold
1972,Sapporo,Skating,Speed skating,"KRASNOVA, Vera",URS,Women,500M,Silver
1972,Sapporo,Skiing,Alpine Skiing,"MESSNER, Heinrich",AUT,Men,Downhill,Bronze
1972,Sapporo,Skiing,Alpine Skiing,"RUSSI, Bernhard",SUI,Men,Downhill,Gold
1972,Sapporo,Skiing,Alpine Skiing,"COLLOMBIN, Roland",SUI,Men,Downhill,Silver
1972,Sapporo,Skiing,Alpine Skiing,"CORROCK, Susan",USA,Women,Downhill,Bronze
1972,Sapporo,Skiing,Alpine Skiing,"NADIG, Marie-Theres",SUI,Women,Downhill,Gold
1972,Sapporo,Skiing,Alpine Skiing,"MOSER-PROLL, Annemarie",AUT,Women,Downhill,Silver
1972,Sapporo,Skiing,Alpine Skiing,"MATTLE, Werner",SUI,Men,Giant Slalom,Bronze
1972,Sapporo,Skiing,Alpine Skiing,"THÃ–NI, Gustavo",ITA,Men,Giant Slalom,Gold
1972,Sapporo,Skiing,Alpine Skiing,"BRUGGMANN, Edmund",SUI,Men,Giant Slalom,Silver
1972,Sapporo,Skiing,Alpine Skiing,"DREXEL, Wiltrud",AUT,Women,Giant Slalom,Bronze
1972,Sapporo,Skiing,Alpine Skiing,"NADIG, Marie-Theres",SUI,Women,Giant Slalom,Gold
1972,Sapporo,Skiing,Alpine Skiing,"MOSER-PROLL, Annemarie",AUT,Women,Giant Slalom,Silver
1972,Sapporo,Skiing,Alpine Skiing,"THÃ–NI, Rolando",ITA,Men,Slalom,Bronze
1972,Sapporo,Skiing,Alpine Skiing,"FERNANDEZ OCHOA, Francisco",ESP,Men,Slalom,Gold
1972,Sapporo,Skiing,Alpine Skiing,"THÃ–NI, Gustavo",ITA,Men,Slalom,Silver
1972,Sapporo,Skiing,Alpine Skiing,"STEURER, Florence",FRA,Women,Slalom,Bronze
1972,Sapporo,Skiing,Alpine Skiing,"COCHRAN, Barbara",USA,Women,Slalom,Gold
1972,Sapporo,Skiing,Alpine Skiing,"DEBERNARD, DaniÃ¨le",FRA,Women,Slalom,Silver
1972,Sapporo,Skiing,Cross Country Skiing,"KAJOSMAA, Marjatta",FIN,Women,10KM,Bronze
1972,Sapporo,Skiing,Cross Country Skiing,"KULAKOVA, Galina",URS,Women,10KM,Gold
1972,Sapporo,Skiing,Cross Country Skiing,"OLYUNINA, Alevtina",URS,Women,10KM,Silver
1972,Sapporo,Skiing,Cross Country Skiing,"FORMO, Ivar",NOR,Men,15KM,Bronze
1972,Sapporo,Skiing,Cross Country Skiing,"LUNDBÃ„CK, Sven-Aake",SWE,Men,15KM,Gold
1972,Sapporo,Skiing,Cross Country Skiing,"SIMASHEV, Fyodor",URS,Men,15KM,Silver
1972,Sapporo,Skiing,Cross Country Skiing,"HARVIKEN, Johs",NOR,Men,30KM Mass Start,Bronze
1972,Sapporo,Skiing,Cross Country Skiing,"VEDENIN, Vyacheslav",URS,Men,30KM Mass Start,Gold
1972,Sapporo,Skiing,Cross Country Skiing,"TYLDUM, Paal",NOR,Men,30KM Mass Start,Silver
1972,Sapporo,Skiing,Cross Country Skiing,"AUFLES, Inger",NOR,Women,3X5KM Relay,Bronze
1972,Sapporo,Skiing,Cross Country Skiing,"DAHL, Aslaug",NOR,Women,3X5KM Relay,Bronze
1972,Sapporo,Skiing,Cross Country Skiing,"MÃ–RDRE, Berit",NOR,Women,3X5KM Relay,Bronze
1972,Sapporo,Skiing,Cross Country Skiing,"KULAKOVA, Galina",URS,Women,3X5KM Relay,Gold
1972,Sapporo,Skiing,Cross Country Skiing,"MUKHACHEVA, Lubov",URS,Women,3X5KM Relay,Gold
1972,Sapporo,Skiing,Cross Country Skiing,"OLYUNINA, Alevtina",URS,Women,3X5KM Relay,Gold
1972,Sapporo,Skiing,Cross Country Skiing,"KAJOSMAA, Marjatta",FIN,Women,3X5KM Relay,Silver
1972,Sapporo,Skiing,Cross Country Skiing,"RIIHIVUORI, Hilkka",FIN,Women,3X5KM Relay,Silver
1972,Sapporo,Skiing,Cross Country Skiing,"TAKALO, Helena",FIN,Women,3X5KM Relay,Silver
1972,Sapporo,Skiing,Cross Country Skiing,"GIGER, Albert",SUI,Men,4X10KM Relay,Bronze
1972,Sapporo,Skiing,Cross Country Skiing,"HAUSER, Eduard",SUI,Men,4X10KM Relay,Bronze
1972,Sapporo,Skiing,Cross Country Skiing,"KÃ„LIN, Alfred",SUI,Men,4X10KM Relay,Bronze
1972,Sapporo,Skiing,Cross Country Skiing,"KÃ„LIN, Alois",SUI,Men,4X10KM Relay,Bronze
1972,Sapporo,Skiing,Cross Country Skiing,"SIMASHEV, Fyodor",URS,Men,4X10KM Relay,Gold
1972,Sapporo,Skiing,Cross Country Skiing,"SKOBOV, Yuri",URS,Men,4X10KM Relay,Gold
1972,Sapporo,Skiing,Cross Country Skiing,"VEDENIN, Vyacheslav",URS,Men,4X10KM Relay,Gold
1972,Sapporo,Skiing,Cross Country Skiing,"VORONKOV, Vladimir",URS,Men,4X10KM Relay,Gold
1972,Sapporo,Skiing,Cross Country Skiing,"BRAA, Oddvar",NOR,Men,4X10KM Relay,Silver
1972,Sapporo,Skiing,Cross Country Skiing,"FORMO, Ivar",NOR,Men,4X10KM Relay,Silver
1972,Sapporo,Skiing,Cross Country Skiing,"HARVIKEN, Johs",NOR,Men,4X10KM Relay,Silver
1972,Sapporo,Skiing,Cross Country Skiing,"TYLDUM, Paal",NOR,Men,4X10KM Relay,Silver
1972,Sapporo,Skiing,Cross Country Skiing,"VEDENIN, Vyacheslav",URS,Men,50KM,Bronze
1972,Sapporo,Skiing,Cross Country Skiing,"TYLDUM, Paal",NOR,Men,50KM,Gold
1972,Sapporo,Skiing,Cross Country Skiing,"MYRMO, Magne",NOR,Men,50KM,Silver
1972,Sapporo,Skiing,Cross Country Skiing,"SIKOLOVA, Helena",TCH,Women,5KM,Bronze
1972,Sapporo,Skiing,Cross Country Skiing,"KULAKOVA, Galina",URS,Women,5KM,Gold
1972,Sapporo,Skiing,Cross Country Skiing,"KAJOSMAA, Marjatta",FIN,Women,5KM,Silver
1972,Sapporo,Skiing,Nordic Combined,"LUCK, Karl-Heinz",GDR,Men,Individual,Bronze
1972,Sapporo,Skiing,Nordic Combined,"WEHLING, Ulrich",GDR,Men,Individual,Gold
1972,Sapporo,Skiing,Nordic Combined,"MIETTINEN, Rauno",FIN,Men,Individual,Silver
1972,Sapporo,Skiing,Ski Jumping,"SCHMIDT, Rainer",GDR,Men,K120 Individual (90M),Bronze
1972,Sapporo,Skiing,Ski Jumping,"FORTUNA, Wojciech",POL,Men,K120 Individual (90M),Gold
1972,Sapporo,Skiing,Ski Jumping,"STEINER, Walter",SUI,Men,K120 Individual (90M),Silver
1972,Sapporo,Skiing,Ski Jumping,"AOCHI, Seiji",JPN,Men,K90 Individual (70M),Bronze
1972,Sapporo,Skiing,Ski Jumping,"KASAYA, Yukio",JPN,Men,K90 Individual (70M),Gold
1972,Sapporo,Skiing,Ski Jumping,"KONNO, Akitsugu",JPN,Men,K90 Individual (70M),Silver
1976,Innsbruck,Biathlon,Biathlon,"YELIZAROV, Aleksandr",URS,Men,20KM,Bronze
1976,Innsbruck,Biathlon,Biathlon,"KRUGLOV, Nikolay",URS,Men,20KM,Gold
1976,Innsbruck,Biathlon,Biathlon,"IKOLA, Heikki",FIN,Men,20KM,Silver
1976,Innsbruck,Biathlon,Biathlon,"BEER, Manfred",GDR,Men,4X7.5KM Relay,Bronze
1976,Innsbruck,Biathlon,Biathlon,"GEYER, Manfred",GDR,Men,4X7.5KM Relay,Bronze
1976,Innsbruck,Biathlon,Biathlon,"MENZ, Karl-Heinz",GDR,Men,4X7.5KM Relay,Bronze
1976,Innsbruck,Biathlon,Biathlon,"ULLRICH, Frank",GDR,Men,4X7.5KM Relay,Bronze
1976,Innsbruck,Biathlon,Biathlon,"BIAKOV, Ivan",URS,Men,4X7.5KM Relay,Gold
1976,Innsbruck,Biathlon,Biathlon,"KRUGLOV, Nikolay",URS,Men,4X7.5KM Relay,Gold
1976,Innsbruck,Biathlon,Biathlon,"TIKHONOV, Aleksandr",URS,Men,4X7.5KM Relay,Gold
1976,Innsbruck,Biathlon,Biathlon,"YELIZAROV, Aleksandr",URS,Men,4X7.5KM Relay,Gold
1976,Innsbruck,Biathlon,Biathlon,"FLÃ–JT, Henrik",FIN,Men,4X7.5KM Relay,Silver
1976,Innsbruck,Biathlon,Biathlon,"IKOLA, Heikki",FIN,Men,4X7.5KM Relay,Silver
1976,Innsbruck,Biathlon,Biathlon,"SAIRA, Esko",FIN,Men,4X7.5KM Relay,Silver
1976,Innsbruck,Biathlon,Biathlon,"SUUTARINEN, Juhani",FIN,Men,4X7.5KM Relay,Silver
1976,Innsbruck,Bobsleigh,Bobsleigh,"BITTNER, Bodo",FRG,Men,Four-Man,Bronze
1976,Innsbruck,Bobsleigh,Bobsleigh,"SCHUMANN, Manfred",FRG,Men,Four-Man,Bronze
1976,Innsbruck,Bobsleigh,Bobsleigh,"UTZSCHNEIDER, Peter",FRG,Men,Four-Man,Bronze
1976,Innsbruck,Bobsleigh,Bobsleigh,"ZIMMERER, Wolfgang",FRG,Men,Four-Man,Bronze
1976,Innsbruck,Bobsleigh,Bobsleigh,"BABOCK, Jochen",GDR,Men,Four-Man,Gold
1976,Innsbruck,Bobsleigh,Bobsleigh,"GERMESHAUSEN, Bernhard",GDR,Men,Four-Man,Gold
1976,Innsbruck,Bobsleigh,Bobsleigh,"LEHMANN, Bernhard",GDR,Men,Four-Man,Gold
1976,Innsbruck,Bobsleigh,Bobsleigh,"NEHMER, Meinhard",GDR,Men,Four-Man,Gold
1976,Innsbruck,Bobsleigh,Bobsleigh,"BÃ„CHLI, Ulrich",SUI,Men,Four-Man,Silver
1976,Innsbruck,Bobsleigh,Bobsleigh,"BENZ, Joseph",SUI,Men,Four-Man,Silver
1976,Innsbruck,Bobsleigh,Bobsleigh,"MARTI, Rudolf",SUI,Men,Four-Man,Silver
1976,Innsbruck,Bobsleigh,Bobsleigh,"SCHÃ„RER, Erich",SUI,Men,Four-Man,Silver
1976,Innsbruck,Bobsleigh,Bobsleigh,"BENZ, Joseph",SUI,Men,Two-Man,Bronze
1976,Innsbruck,Bobsleigh,Bobsleigh,"SCHÃ„RER, Erich",SUI,Men,Two-Man,Bronze
1976,Innsbruck,Bobsleigh,Bobsleigh,"GERMESHAUSEN, Bernhard",GDR,Men,Two-Man,Gold
1976,Innsbruck,Bobsleigh,Bobsleigh,"NEHMER, Meinhard",GDR,Men,Two-Man,Gold
1976,Innsbruck,Bobsleigh,Bobsleigh,"SCHUMANN, Manfred",FRG,Men,Two-Man,Silver
1976,Innsbruck,Bobsleigh,Bobsleigh,"ZIMMERER, Wolfgang",FRG,Men,Two-Man,Silver
1976,Innsbruck,Ice Hockey,Ice Hockey,"AUHUBER, Klaus",FRG,Men,Ice Hockey,Bronze
1976,Innsbruck,Ice Hockey,Ice Hockey,"BERNDANER, Ignaz",FRG,Men,Ice Hockey,Bronze
1976,Innsbruck,Ice Hockey,Ice Hockey,"BOOS, Wolfgang",FRG,Men,Ice Hockey,Bronze
1976,Innsbruck,Ice Hockey,Ice Hockey,"FUNK, Lorenz",FRG,Men,Ice Hockey,Bronze
1976,Innsbruck,Ice Hockey,Ice Hockey,"HINTERSTOCKER, Martin",FRG,Men,Ice Hockey,Bronze
1976,Innsbruck,Ice Hockey,Ice Hockey,"KEHLE, Anton",FRG,Men,Ice Hockey,Bronze
1976,Innsbruck,Ice Hockey,Ice Hockey,"KIESSLING, Udo",FRG,Men,Ice Hockey,Bronze
1976,Innsbruck,Ice Hockey,Ice Hockey,"KÃ–BERLE, Walter",FRG,Men,Ice Hockey,Bronze
1976,Innsbruck,Ice Hockey,Ice Hockey,"KÃ–PF, Ernst I",FRG,Men,Ice Hockey,Bronze
1976,Innsbruck,Ice Hockey,Ice Hockey,"KÃœHNHACKL, Erich",FRG,Men,Ice Hockey,Bronze
1976,Innsbruck,Ice Hockey,Ice Hockey,"METZ, Stefan",FRG,Men,Ice Hockey,Bronze
1976,Innsbruck,Ice Hockey,Ice Hockey,"PHILIPP, Rainer",FRG,Men,Ice Hockey,Bronze
1976,Innsbruck,Ice Hockey,Ice Hockey,"REINDL, Franz",FRG,Men,Ice Hockey,Bronze
1976,Innsbruck,Ice Hockey,Ice Hockey,"SCHLODER, Alois",FRG,Men,Ice Hockey,Bronze
1976,Innsbruck,Ice Hockey,Ice Hockey,"THANNER, Rudolf",FRG,Men,Ice Hockey,Bronze
1976,Innsbruck,Ice Hockey,Ice Hockey,"VÃ–LK, Josef",FRG,Men,Ice Hockey,Bronze
1976,Innsbruck,Ice Hockey,Ice Hockey,"VOZAR, Ferenc",FRG,Men,Ice Hockey,Bronze
1976,Innsbruck,Ice Hockey,Ice Hockey,"WEISHAUPT, Erich",FRG,Men,Ice Hockey,Bronze
1976,Innsbruck,Ice Hockey,Ice Hockey,"ALEKSANDROV, Boris",URS,Men,Ice Hockey,Gold
1976,Innsbruck,Ice Hockey,Ice Hockey,"BABINOV, Sergey",URS,Men,Ice Hockey,Gold
1976,Innsbruck,Ice Hockey,Ice Hockey,"GUSEV, Aleksandr",URS,Men,Ice Hockey,Gold
1976,Innsbruck,Ice Hockey,Ice Hockey,"KAPUSTIN, Sergey",URS,Men,Ice Hockey,Gold
1976,Innsbruck,Ice Hockey,Ice Hockey,"KHARLAMOV, Valery",URS,Men,Ice Hockey,Gold
1976,Innsbruck,Ice Hockey,Ice Hockey,"LUTCHENKO, Vladimir",URS,Men,Ice Hockey,Gold
1976,Innsbruck,Ice Hockey,Ice Hockey,"LYAPKIN, Yury",URS,Men,Ice Hockey,Gold
1976,Innsbruck,Ice Hockey,Ice Hockey,"MALTSEV, Aleksandr",URS,Men,Ice Hockey,Gold
1976,Innsbruck,Ice Hockey,Ice Hockey,"MIKHAYLOV, Boris",URS,Men,Ice Hockey,Gold
1976,Innsbruck,Ice Hockey,Ice Hockey,"PETROV, Vladimir",URS,Men,Ice Hockey,Gold
1976,Innsbruck,Ice Hockey,Ice Hockey,"SHADRIN, Vladimir",URS,Men,Ice Hockey,Gold
1976,Innsbruck,Ice Hockey,Ice Hockey,"SHALIMOV, Viktor",URS,Men,Ice Hockey,Gold
1976,Innsbruck,Ice Hockey,Ice Hockey,"SIDELNIKOV, Aleksandr",URS,Men,Ice Hockey,Gold
1976,Innsbruck,Ice Hockey,Ice Hockey,"TRETYAK, Vladislav",URS,Men,Ice Hockey,Gold
1976,Innsbruck,Ice Hockey,Ice Hockey,"TSYGANKOV, Gennady",URS,Men,Ice Hockey,Gold
1976,Innsbruck,Ice Hockey,Ice Hockey,"VASILYEV, Valery",URS,Men,Ice Hockey,Gold
1976,Innsbruck,Ice Hockey,Ice Hockey,"YAKUSHEV, Aleksandr",URS,Men,Ice Hockey,Gold
1976,Innsbruck,Ice Hockey,Ice Hockey,"ZHLUKTOV, Viktor",URS,Men,Ice Hockey,Gold
1976,Innsbruck,Ice Hockey,Ice Hockey,"AUGUSTA, Josef",TCH,Men,Ice Hockey,Silver
1976,Innsbruck,Ice Hockey,Ice Hockey,"BUBLA, Jiri",TCH,Men,Ice Hockey,Silver
1976,Innsbruck,Ice Hockey,Ice Hockey,"CHALUPA, Milan",TCH,Men,Ice Hockey,Silver
1976,Innsbruck,Ice Hockey,Ice Hockey,"CRHA, Jiri",TCH,Men,Ice Hockey,Silver
1976,Innsbruck,Ice Hockey,Ice Hockey,"DVORAK, Miroslav",TCH,Men,Ice Hockey,Silver
1976,Innsbruck,Ice Hockey,Ice Hockey,"EBERMANN, Bohuslav",TCH,Men,Ice Hockey,Silver
1976,Innsbruck,Ice Hockey,Ice Hockey,"HLINKA, Ivan",TCH,Men,Ice Hockey,Silver
1976,Innsbruck,Ice Hockey,Ice Hockey,"HOLECEK, Jiri",TCH,Men,Ice Hockey,Silver
1976,Innsbruck,Ice Hockey,Ice Hockey,"HOLIK, Jiri",TCH,Men,Ice Hockey,Silver
1976,Innsbruck,Ice Hockey,Ice Hockey,"KAJKL, Milan",TCH,Men,Ice Hockey,Silver
1976,Innsbruck,Ice Hockey,Ice Hockey,"MACHAC, Oldrich",TCH,Men,Ice Hockey,Silver
1976,Innsbruck,Ice Hockey,Ice Hockey,"MARTINEC, Vladimir",TCH,Men,Ice Hockey,Silver
1976,Innsbruck,Ice Hockey,Ice Hockey,"NOVAK, Eduard",TCH,Men,Ice Hockey,Silver
1976,Innsbruck,Ice Hockey,Ice Hockey,"NOVAK, Jiri",TCH,Men,Ice Hockey,Silver
1976,Innsbruck,Ice Hockey,Ice Hockey,"NOVY, Milan",TCH,Men,Ice Hockey,Silver
1976,Innsbruck,Ice Hockey,Ice Hockey,"POSPISIL, Frantisek",TCH,Men,Ice Hockey,Silver
1976,Innsbruck,Ice Hockey,Ice Hockey,"POUZAR, Jaroslav",TCH,Men,Ice Hockey,Silver
1976,Innsbruck,Ice Hockey,Ice Hockey,"STASTNY, Bohuslav",TCH,Men,Ice Hockey,Silver
1976,Innsbruck,Luge,Luge,"SCHACHNER, Franz",AUT,Men,Doubles,Bronze
1976,Innsbruck,Luge,Luge,"SCHMID, Rudolf",AUT,Men,Doubles,Bronze
1976,Innsbruck,Luge,Luge,"HAHN, Norbert",GDR,Men,Doubles,Gold
1976,Innsbruck,Luge,Luge,"RINN, Hans",GDR,Men,Doubles,Gold
1976,Innsbruck,Luge,Luge,"BRANDNER, Hans",FRG,Men,Doubles,Silver
1976,Innsbruck,Luge,Luge,"SCHWARM, Balthasar",FRG,Men,Doubles,Silver
1976,Innsbruck,Luge,Luge,"RINN, Hans",GDR,Men,Singles,Bronze
1976,Innsbruck,Luge,Luge,"GÃœNTHER, Detlef",GDR,Men,Singles,Gold
1976,Innsbruck,Luge,Luge,"FENDT, Josef",FRG,Men,Singles,Silver
1976,Innsbruck,Luge,Luge,"DEMLEITNER, Elisabeth",FRG,Women,Singles,Bronze
1976,Innsbruck,Luge,Luge,"SCHUMANN, Margit",GDR,Women,Singles,Gold
1976,Innsbruck,Luge,Luge,"RÃœHROLD, Ute",GDR,Women,Singles,Silver
1976,Innsbruck,Skating,Figure skating,"MILLNS, James",USA,Men,Ice Dancing,Bronze
1976,Innsbruck,Skating,Figure skating,"O'CONNOR, Colleen",USA,Women,Ice Dancing,Bronze
1976,Innsbruck,Skating,Figure skating,"GORSHKOV, Aleksandr",URS,Men,Ice Dancing,Gold
1976,Innsbruck,Skating,Figure skating,"PAKHOMOVA, Lyudmila",URS,Women,Ice Dancing,Gold
1976,Innsbruck,Skating,Figure skating,"MINENKOV, Andrey",URS,Men,Ice Dancing,Silver
1976,Innsbruck,Skating,Figure skating,"MOISEYEVA, Irina",URS,Women,Ice Dancing,Silver
1976,Innsbruck,Skating,Figure skating,"CRANSTON, Toller",CAN,Men,Individual,Bronze
1976,Innsbruck,Skating,Figure skating,"CURRY, John",GBR,Men,Individual,Gold
1976,Innsbruck,Skating,Figure skating,"KOVALYOV, Vladimir",URS,Men,Individual,Silver
1976,Innsbruck,Skating,Figure skating,"ERRATH, Christine",GDR,Women,Individual,Bronze
1976,Innsbruck,Skating,Figure skating,"HAMILL, Dorothy",USA,Women,Individual,Gold
1976,Innsbruck,Skating,Figure skating,"DE LEEUW, Dianne",NED,Women,Individual,Silver
1976,Innsbruck,Skating,Figure skating,"GROSS, Manuela",GDR,Women,Pairs,Bronze
1976,Innsbruck,Skating,Figure skating,"KAGELMANN, Uwe",GDR,Men,Pairs,Bronze
1976,Innsbruck,Skating,Figure skating,"RODNINA, Irina",URS,Women,Pairs,Gold
1976,Innsbruck,Skating,Figure skating,"ZAYTSEV, Aleksandr",URS,Men,Pairs,Gold
1976,Innsbruck,Skating,Figure skating,"KERMER, Romy",GDR,Women,Pairs,Silver
1976,Innsbruck,Skating,Figure skating,"Ã–STERREICH, Rolf",GDR,Men,Pairs,Silver
1976,Innsbruck,Skating,Speed skating,"VAN HELDEN, Hans",NED,Men,10000M,Bronze
1976,Innsbruck,Skating,Speed skating,"KLEINE, Piet",NED,Men,10000M,Gold
1976,Innsbruck,Skating,Speed skating,"STENSEN, Sten",NOR,Men,10000M,Silver
1976,Innsbruck,Skating,Speed skating,"MURATOV, Valery",URS,Men,1000M,Bronze
1976,Innsbruck,Skating,Speed skating,"MUELLER, Peter",USA,Men,1000M,Gold
1976,Innsbruck,Skating,Speed skating,"DIDRIKSEN, JÃ¶rn",NOR,Men,1000M,Silver
1976,Innsbruck,Skating,Speed skating,"YOUNG, Sheila",USA,Women,1000M,Bronze
1976,Innsbruck,Skating,Speed skating,"AVERINA, Tatyana",URS,Women,1000M,Gold
1976,Innsbruck,Skating,Speed skating,"MUELLER, Leah",USA,Women,1000M,Silver
1976,Innsbruck,Skating,Speed skating,"VAN HELDEN, Hans",NED,Men,1500M,Bronze
1976,Innsbruck,Skating,Speed skating,"STORHOLT, Jan Egil",NOR,Men,1500M,Gold
1976,Innsbruck,Skating,Speed skating,"KONDAKOV, Yury",URS,Men,1500M,Silver
1976,Innsbruck,Skating,Speed skating,"AVERINA, Tatyana",URS,Women,1500M,Bronze
1976,Innsbruck,Skating,Speed skating,"STEPANSKAYA, Galina",URS,Women,1500M,Gold
1976,Innsbruck,Skating,Speed skating,"YOUNG, Sheila",USA,Women,1500M,Silver
1976,Innsbruck,Skating,Speed skating,"KORSMO, Lisbeth",NOR,Women,3000M,Bronze
1976,Innsbruck,Skating,Speed skating,"AVERINA, Tatyana",URS,Women,3000M,Gold
1976,Innsbruck,Skating,Speed skating,"EHRIG, Andrea",GDR,Women,3000M,Silver
1976,Innsbruck,Skating,Speed skating,"VAN HELDEN, Hans",NED,Men,5000M,Bronze
1976,Innsbruck,Skating,Speed skating,"STENSEN, Sten",NOR,Men,5000M,Gold
1976,Innsbruck,Skating,Speed skating,"KLEINE, Piet",NED,Men,5000M,Silver
1976,Innsbruck,Skating,Speed skating,"IMMERFALL, Daniel",USA,Men,500M,Bronze
1976,Innsbruck,Skating,Speed skating,"KULIKOV, Yevgeny",URS,Men,500M,Gold
1976,Innsbruck,Skating,Speed skating,"MURATOV, Valery",URS,Men,500M,Silver
1976,Innsbruck,Skating,Speed skating,"AVERINA, Tatyana",URS,Women,500M,Bronze
1976,Innsbruck,Skating,Speed skating,"YOUNG, Sheila",USA,Women,500M,Gold
1976,Innsbruck,Skating,Speed skating,"PRIESTNER, Cathy",CAN,Women,500M,Silver
1976,Innsbruck,Skiing,Alpine Skiing,"PLANK, Herbert",ITA,Men,Downhill,Bronze
1976,Innsbruck,Skiing,Alpine Skiing,"KLAMMER, Franz",AUT,Men,Downhill,Gold
1976,Innsbruck,Skiing,Alpine Skiing,"RUSSI, Bernhard",SUI,Men,Downhill,Silver
1976,Innsbruck,Skiing,Alpine Skiing,"NELSON, Cynthia",USA,Women,Downhill,Bronze
1976,Innsbruck,Skiing,Alpine Skiing,"MITTERMAIER, Rosi",FRG,Women,Downhill,Gold
1976,Innsbruck,Skiing,Alpine Skiing,"TOTSCHNIGG, Brigitte",AUT,Women,Downhill,Silver
1976,Innsbruck,Skiing,Alpine Skiing,"STENMARK, Ingemar",SWE,Men,Giant Slalom,Bronze
1976,Innsbruck,Skiing,Alpine Skiing,"HEMMI, Heini",SUI,Men,Giant Slalom,Gold
1976,Innsbruck,Skiing,Alpine Skiing,"GOOD, Ernst",SUI,Men,Giant Slalom,Silver
1976,Innsbruck,Skiing,Alpine Skiing,"DEBERNARD, DaniÃ¨le",FRA,Women,Giant Slalom,Bronze
1976,Innsbruck,Skiing,Alpine Skiing,"KREINER, Kathy",CAN,Women,Giant Slalom,Gold
1976,Innsbruck,Skiing,Alpine Skiing,"MITTERMAIER, Rosi",FRG,Women,Giant Slalom,Silver
1976,Innsbruck,Skiing,Alpine Skiing,"FROMMELT, Willy",LIE,Men,Slalom,Bronze
1976,Innsbruck,Skiing,Alpine Skiing,"GROS, Piero",ITA,Men,Slalom,Gold
1976,Innsbruck,Skiing,Alpine Skiing,"THÃ–NI, Gustavo",ITA,Men,Slalom,Silver
1976,Innsbruck,Skiing,Alpine Skiing,"WENZEL, Hanni",LIE,Women,Slalom,Bronze
1976,Innsbruck,Skiing,Alpine Skiing,"MITTERMAIER, Rosi",FRG,Women,Slalom,Gold
1976,Innsbruck,Skiing,Alpine Skiing,"GIORDANI, Claudia",ITA,Women,Slalom,Silver
1976,Innsbruck,Skiing,Cross Country Skiing,"KULAKOVA, Galina",URS,Women,10KM,Bronze
1976,Innsbruck,Skiing,Cross Country Skiing,"SMETANINA, Raisa",URS,Women,10KM,Gold
1976,Innsbruck,Skiing,Cross Country Skiing,"TAKALO, Helena",FIN,Women,10KM,Silver
1976,Innsbruck,Skiing,Cross Country Skiing,"KOIVISTO, Arto",FIN,Men,15KM,Bronze
1976,Innsbruck,Skiing,Cross Country Skiing,"BAZHUKOV, Nikolay",URS,Men,15KM,Gold
1976,Innsbruck,Skiing,Cross Country Skiing,"BELYAEV, Yevgeny",URS,Men,15KM,Silver
1976,Innsbruck,Skiing,Cross Country Skiing,"GARANIN, Ivan",URS,Men,30KM Mass Start,Bronze
1976,Innsbruck,Skiing,Cross Country Skiing,"SAVELYEV, Sergey",URS,Men,30KM Mass Start,Gold
1976,Innsbruck,Skiing,Cross Country Skiing,"KOCH, William",USA,Men,30KM Mass Start,Silver
1976,Innsbruck,Skiing,Cross Country Skiing,"BAZHUKOV, Nikolay",URS,Men,4X10KM Relay,Bronze
1976,Innsbruck,Skiing,Cross Country Skiing,"BELYAEV, Yevgeny",URS,Men,4X10KM Relay,Bronze
1976,Innsbruck,Skiing,Cross Country Skiing,"GARANIN, Ivan",URS,Men,4X10KM Relay,Bronze
1976,Innsbruck,Skiing,Cross Country Skiing,"SAVELYEV, Sergey",URS,Men,4X10KM Relay,Bronze
1976,Innsbruck,Skiing,Cross Country Skiing,"KOIVISTO, Arto",FIN,Men,4X10KM Relay,Gold
1976,Innsbruck,Skiing,Cross Country Skiing,"MIETO, Juha",FIN,Men,4X10KM Relay,Gold
1976,Innsbruck,Skiing,Cross Country Skiing,"PITKÃ„NEN, Matti",FIN,Men,4X10KM Relay,Gold
1976,Innsbruck,Skiing,Cross Country Skiing,"TEURAJÃ„RVI, Pertti",FIN,Men,4X10KM Relay,Gold
1976,Innsbruck,Skiing,Cross Country Skiing,"FORMO, Ivar",NOR,Men,4X10KM Relay,Silver
1976,Innsbruck,Skiing,Cross Country Skiing,"MARTINSEN, Odd",NOR,Men,4X10KM Relay,Silver
1976,Innsbruck,Skiing,Cross Country Skiing,"SAGSTUEN, Einar",NOR,Men,4X10KM Relay,Silver
1976,Innsbruck,Skiing,Cross Country Skiing,"TYLDUM, Paal",NOR,Men,4X10KM Relay,Silver
1976,Innsbruck,Skiing,Cross Country Skiing,"DEBERTSHÃ„USER, Monika",GDR,Women,4X5KM Relay,Bronze
1976,Innsbruck,Skiing,Cross Country Skiing,"KRAUSE, Sigrun",GDR,Women,4X5KM Relay,Bronze
1976,Innsbruck,Skiing,Cross Country Skiing,"PETZOLD, Barbara",GDR,Women,4X5KM Relay,Bronze
1976,Innsbruck,Skiing,Cross Country Skiing,"SCHMIDT, Veronika",GDR,Women,4X5KM Relay,Bronze
1976,Innsbruck,Skiing,Cross Country Skiing,"AMOSOVA, Zinaida",URS,Women,4X5KM Relay,Gold
1976,Innsbruck,Skiing,Cross Country Skiing,"BALDYCHEVA, Nina",URS,Women,4X5KM Relay,Gold
1976,Innsbruck,Skiing,Cross Country Skiing,"KULAKOVA, Galina",URS,Women,4X5KM Relay,Gold
1976,Innsbruck,Skiing,Cross Country Skiing,"SMETANINA, Raisa",URS,Women,4X5KM Relay,Gold
1976,Innsbruck,Skiing,Cross Country Skiing,"KAJOSMAA, Marjatta",FIN,Women,4X5KM Relay,Silver
1976,Innsbruck,Skiing,Cross Country Skiing,"RIIHIVUORI, Hilkka",FIN,Women,4X5KM Relay,Silver
1976,Innsbruck,Skiing,Cross Country Skiing,"SUIKHONEN, Liisa",FIN,Women,4X5KM Relay,Silver
1976,Innsbruck,Skiing,Cross Country Skiing,"TAKALO, Helena",FIN,Women,4X5KM Relay,Silver
1976,Innsbruck,Skiing,Cross Country Skiing,"SÃ–DERGREN, Benny",SWE,Men,50KM,Bronze
1976,Innsbruck,Skiing,Cross Country Skiing,"FORMO, Ivar",NOR,Men,50KM,Gold
1976,Innsbruck,Skiing,Cross Country Skiing,"KLAUSE, Gerd-Dietmar",GDR,Men,50KM,Silver
1976,Innsbruck,Skiing,Cross Country Skiing,"BALDYCHEVA, Nina",URS,Women,5KM,Bronze
1976,Innsbruck,Skiing,Cross Country Skiing,"TAKALO, Helena",FIN,Women,5KM,Gold
1976,Innsbruck,Skiing,Cross Country Skiing,"SMETANINA, Raisa",URS,Women,5KM,Silver
1976,Innsbruck,Skiing,Nordic Combined,"WINKLER, Konrad",GDR,Men,Individual,Bronze
1976,Innsbruck,Skiing,Nordic Combined,"WEHLING, Ulrich",GDR,Men,Individual,Gold
1976,Innsbruck,Skiing,Nordic Combined,"HETTICH, Urban",FRG,Men,Individual,Silver
1976,Innsbruck,Skiing,Ski Jumping,"GLASS, Henry",GDR,Men,K120 Individual (90M),Bronze
1976,Innsbruck,Skiing,Ski Jumping,"SCHNABL, Karl",AUT,Men,K120 Individual (90M),Gold
1976,Innsbruck,Skiing,Ski Jumping,"INNAUER, Anton",AUT,Men,K120 Individual (90M),Silver
1976,Innsbruck,Skiing,Ski Jumping,"SCHNABL, Karl",AUT,Men,K90 Individual (70M),Bronze
1976,Innsbruck,Skiing,Ski Jumping,"ASCHENBACH, Hans-Georg",GDR,Men,K90 Individual (70M),Gold
1976,Innsbruck,Skiing,Ski Jumping,"DANNEBERG, Jochen",GDR,Men,K90 Individual (70M),Silver
1980,Lake Placid,Biathlon,Biathlon,"ALYABYEV, Anatoly",URS,Men,10KM,Bronze
1980,Lake Placid,Biathlon,Biathlon,"ULLRICH, Frank",GDR,Men,10KM,Gold
1980,Lake Placid,Biathlon,Biathlon,"ALIKIN, Vladimir",URS,Men,10KM,Silver
1980,Lake Placid,Biathlon,Biathlon,"ROSCH, Eberhard",GDR,Men,20KM,Bronze
1980,Lake Placid,Biathlon,Biathlon,"ALYABYEV, Anatoly",URS,Men,20KM,Gold
1980,Lake Placid,Biathlon,Biathlon,"ULLRICH, Frank",GDR,Men,20KM,Silver
1980,Lake Placid,Biathlon,Biathlon,"ANGERER, Peter",FRG,Men,4X7.5KM Relay,Bronze
1980,Lake Placid,Biathlon,Biathlon,"BERNREITER, Franz",FRG,Men,4X7.5KM Relay,Bronze
1980,Lake Placid,Biathlon,Biathlon,"ESTNER, Hansi",FRG,Men,4X7.5KM Relay,Bronze
1980,Lake Placid,Biathlon,Biathlon,"WINKLER, Gerhard",FRG,Men,4X7.5KM Relay,Bronze
1980,Lake Placid,Biathlon,Biathlon,"ALIKIN, Vladimir",URS,Men,4X7.5KM Relay,Gold
1980,Lake Placid,Biathlon,Biathlon,"ALYABYEV, Anatoly",URS,Men,4X7.5KM Relay,Gold
1980,Lake Placid,Biathlon,Biathlon,"BARNACHOV, Vladimir",URS,Men,4X7.5KM Relay,Gold
1980,Lake Placid,Biathlon,Biathlon,"TIKHONOV, Aleksandr",URS,Men,4X7.5KM Relay,Gold
1980,Lake Placid,Biathlon,Biathlon,"JUNG, Mathias",GDR,Men,4X7.5KM Relay,Silver
1980,Lake Placid,Biathlon,Biathlon,"ROSCH, Eberhard",GDR,Men,4X7.5KM Relay,Silver
1980,Lake Placid,Biathlon,Biathlon,"SIEBERT, Klaus",GDR,Men,4X7.5KM Relay,Silver
1980,Lake Placid,Biathlon,Biathlon,"ULLRICH, Frank",GDR,Men,4X7.5KM Relay,Silver
1980,Lake Placid,Bobsleigh,Bobsleigh,"KIRCHNER, Andreas",GDR,Men,Four-Man,Bronze
1980,Lake Placid,Bobsleigh,Bobsleigh,"RICHTER, Detlef",GDR,Men,Four-Man,Bronze
1980,Lake Placid,Bobsleigh,Bobsleigh,"SCHÃ–NAU, Horst",GDR,Men,Four-Man,Bronze
1980,Lake Placid,Bobsleigh,Bobsleigh,"WETZIG, Roland",GDR,Men,Four-Man,Bronze
1980,Lake Placid,Bobsleigh,Bobsleigh,"GERHARDT, Hans JÃ_rgen",GDR,Men,Four-Man,Gold
1980,Lake Placid,Bobsleigh,Bobsleigh,"GERMESHAUSEN, Bernhard",GDR,Men,Four-Man,Gold
1980,Lake Placid,Bobsleigh,Bobsleigh,"MUSIOL, Bogdan",GDR,Men,Four-Man,Gold
1980,Lake Placid,Bobsleigh,Bobsleigh,"NEHMER, Meinhard",GDR,Men,Four-Man,Gold
1980,Lake Placid,Bobsleigh,Bobsleigh,"BÃ„CHLI, Ulrich",SUI,Men,Four-Man,Silver
1980,Lake Placid,Bobsleigh,Bobsleigh,"BENZ, Joseph",SUI,Men,Four-Man,Silver
1980,Lake Placid,Bobsleigh,Bobsleigh,"MARTI, Rudolf",SUI,Men,Four-Man,Silver
1980,Lake Placid,Bobsleigh,Bobsleigh,"SCHÃ„RER, Erich",SUI,Men,Four-Man,Silver
1980,Lake Placid,Bobsleigh,Bobsleigh,"MUSIOL, Bogdan",GDR,Men,Two-Man,Bronze
1980,Lake Placid,Bobsleigh,Bobsleigh,"NEHMER, Meinhard",GDR,Men,Two-Man,Bronze
1980,Lake Placid,Bobsleigh,Bobsleigh,"BENZ, Joseph",SUI,Men,Two-Man,Gold
1980,Lake Placid,Bobsleigh,Bobsleigh,"SCHÃ„RER, Erich",SUI,Men,Two-Man,Gold
1980,Lake Placid,Bobsleigh,Bobsleigh,"GERHARDT, Hans JÃ_rgen",GDR,Men,Two-Man,Silver
1980,Lake Placid,Bobsleigh,Bobsleigh,"GERMESHAUSEN, Bernhard",GDR,Men,Two-Man,Silver
1980,Lake Placid,Ice Hockey,Ice Hockey,"AAHLBERG, Mats",SWE,Men,Ice Hockey,Bronze
1980,Lake Placid,Ice Hockey,Ice Hockey,"ANDERSSON, Sture",SWE,Men,Ice Hockey,Bronze
1980,Lake Placid,Ice Hockey,Ice Hockey,"BERGLUND, Bo",SWE,Men,Ice Hockey,Bronze
1980,Lake Placid,Ice Hockey,Ice Hockey,"ERIKSSON, Jan",SWE,Men,Ice Hockey,Bronze
1980,Lake Placid,Ice Hockey,Ice Hockey,"ERIKSSON, Lars Haakan",SWE,Men,Ice Hockey,Bronze
1980,Lake Placid,Ice Hockey,Ice Hockey,"ERIKSSON, Thomas",SWE,Men,Ice Hockey,Bronze
1980,Lake Placid,Ice Hockey,Ice Hockey,"HOLMGREN, Leif",SWE,Men,Ice Hockey,Bronze
1980,Lake Placid,Ice Hockey,Ice Hockey,"JONSSON, Tomas",SWE,Men,Ice Hockey,Bronze
1980,Lake Placid,Ice Hockey,Ice Hockey,"LINDBERGH, Per-Eric",SWE,Men,Ice Hockey,Bronze
1980,Lake Placid,Ice Hockey,Ice Hockey,"LÃ–FQVIST, William",SWE,Men,Ice Hockey,Bronze
1980,Lake Placid,Ice Hockey,Ice Hockey,"LUNDHOLM, Bengt",SWE,Men,Ice Hockey,Bronze
1980,Lake Placid,Ice Hockey,Ice Hockey,"LUNDQVIST, Per",SWE,Men,Ice Hockey,Bronze
1980,Lake Placid,Ice Hockey,Ice Hockey,"MOLIN, Lars",SWE,Men,Ice Hockey,Bronze
1980,Lake Placid,Ice Hockey,Ice Hockey,"NÃ„SLUND, Mats",SWE,Men,Ice Hockey,Bronze
1980,Lake Placid,Ice Hockey,Ice Hockey,"NORBERG, Lennart",SWE,Men,Ice Hockey,Bronze
1980,Lake Placid,Ice Hockey,Ice Hockey,"SAMUELSSON, Tommy",SWE,Men,Ice Hockey,Bronze
1980,Lake Placid,Ice Hockey,Ice Hockey,"SÃ–DERSTRÃ–M, Dan",SWE,Men,Ice Hockey,Bronze
1980,Lake Placid,Ice Hockey,Ice Hockey,"WALTIN, Mats",SWE,Men,Ice Hockey,Bronze
1980,Lake Placid,Ice Hockey,Ice Hockey,"WEINSTOCK, Ulf",SWE,Men,Ice Hockey,Bronze
1980,Lake Placid,Ice Hockey,Ice Hockey,"BAKER, William",USA,Men,Ice Hockey,Gold
1980,Lake Placid,Ice Hockey,Ice Hockey,"BROTEN, Neal",USA,Men,Ice Hockey,Gold
1980,Lake Placid,Ice Hockey,Ice Hockey,"CHRISTIAN, David",USA,Men,Ice Hockey,Gold
1980,Lake Placid,Ice Hockey,Ice Hockey,"CHRISTOFF, Steven",USA,Men,Ice Hockey,Gold
1980,Lake Placid,Ice Hockey,Ice Hockey,"CRAIG, James",USA,Men,Ice Hockey,Gold
1980,Lake Placid,Ice Hockey,Ice Hockey,"ERUZIONE, Michael",USA,Men,Ice Hockey,Gold
1980,Lake Placid,Ice Hockey,Ice Hockey,"HARRINGTON, John",USA,Men,Ice Hockey,Gold
1980,Lake Placid,Ice Hockey,Ice Hockey,"JOHNSON, Mark",USA,Men,Ice Hockey,Gold
1980,Lake Placid,Ice Hockey,Ice Hockey,"MCCLANAHAN, Robert",USA,Men,Ice Hockey,Gold
1980,Lake Placid,Ice Hockey,Ice Hockey,"MORROW, Kenneth",USA,Men,Ice Hockey,Gold
1980,Lake Placid,Ice Hockey,Ice Hockey,"O'CALLAHAN, John",USA,Men,Ice Hockey,Gold
1980,Lake Placid,Ice Hockey,Ice Hockey,"PAVELICH, Mark",USA,Men,Ice Hockey,Gold
1980,Lake Placid,Ice Hockey,Ice Hockey,"RAMSEY, Michael",USA,Men,Ice Hockey,Gold
1980,Lake Placid,Ice Hockey,Ice Hockey,"SCHNEIDER, William",USA,Men,Ice Hockey,Gold
1980,Lake Placid,Ice Hockey,Ice Hockey,"SILK, David",USA,Men,Ice Hockey,Gold
1980,Lake Placid,Ice Hockey,Ice Hockey,"STROBEL, Eric",USA,Men,Ice Hockey,Gold
1980,Lake Placid,Ice Hockey,Ice Hockey,"SUTER, Robert",USA,Men,Ice Hockey,Gold
1980,Lake Placid,Ice Hockey,Ice Hockey,"VERCHOTA, Philip",USA,Men,Ice Hockey,Gold
1980,Lake Placid,Ice Hockey,Ice Hockey,"WELLS, Mark",USA,Men,Ice Hockey,Gold
1980,Lake Placid,Ice Hockey,Ice Hockey,"BALDERIS, Helmuts",URS,Men,Ice Hockey,Silver
1980,Lake Placid,Ice Hockey,Ice Hockey,"BILJALETDINOV, Zinetula",URS,Men,Ice Hockey,Silver
1980,Lake Placid,Ice Hockey,Ice Hockey,"FETISOV, Viacheslav",URS,Men,Ice Hockey,Silver
1980,Lake Placid,Ice Hockey,Ice Hockey,"GOLIKOV, Aleksandr",URS,Men,Ice Hockey,Silver
1980,Lake Placid,Ice Hockey,Ice Hockey,"GOLIKOV, Vladimir",URS,Men,Ice Hockey,Silver
1980,Lake Placid,Ice Hockey,Ice Hockey,"KASATONOV, Aleksei",URS,Men,Ice Hockey,Silver
1980,Lake Placid,Ice Hockey,Ice Hockey,"KHARLAMOV, Valery",URS,Men,Ice Hockey,Silver
1980,Lake Placid,Ice Hockey,Ice Hockey,"KRUTOV, Vladimir",URS,Men,Ice Hockey,Silver
1980,Lake Placid,Ice Hockey,Ice Hockey,"LEBEDEV, Yuri",URS,Men,Ice Hockey,Silver
1980,Lake Placid,Ice Hockey,Ice Hockey,"MAKAROV, Sergei",URS,Men,Ice Hockey,Silver
1980,Lake Placid,Ice Hockey,Ice Hockey,"MALTSEV, Aleksandr",URS,Men,Ice Hockey,Silver
1980,Lake Placid,Ice Hockey,Ice Hockey,"MIKHAYLOV, Boris",URS,Men,Ice Hockey,Silver
1980,Lake Placid,Ice Hockey,Ice Hockey,"MYSHKIN, Vladimir",URS,Men,Ice Hockey,Silver
1980,Lake Placid,Ice Hockey,Ice Hockey,"PERVUKHINE, Vasili",URS,Men,Ice Hockey,Silver
1980,Lake Placid,Ice Hockey,Ice Hockey,"PETROV, Vladimir",URS,Men,Ice Hockey,Silver
1980,Lake Placid,Ice Hockey,Ice Hockey,"SKVORTSOV, Aleksandr",URS,Men,Ice Hockey,Silver
1980,Lake Placid,Ice Hockey,Ice Hockey,"STARIKOV, Sergei",URS,Men,Ice Hockey,Silver
1980,Lake Placid,Ice Hockey,Ice Hockey,"TRETYAK, Vladislav",URS,Men,Ice Hockey,Silver
1980,Lake Placid,Ice Hockey,Ice Hockey,"VASILYEV, Valery",URS,Men,Ice Hockey,Silver
1980,Lake Placid,Ice Hockey,Ice Hockey,"ZHLUKTOV, Viktor",URS,Men,Ice Hockey,Silver
1980,Lake Placid,Luge,Luge,"FLUCKINGER, Georg",AUT,Men,Doubles,Bronze
1980,Lake Placid,Luge,Luge,"SCHROTT, Karl",AUT,Men,Doubles,Bronze
1980,Lake Placid,Luge,Luge,"HAHN, Norbert",GDR,Men,Doubles,Gold
1980,Lake Placid,Luge,Luge,"RINN, Hans",GDR,Men,Doubles,Gold
1980,Lake Placid,Luge,Luge,"BRUNNER, Karl",ITA,Men,Doubles,Silver
1980,Lake Placid,Luge,Luge,"GSCHNITZER, Peter",ITA,Men,Doubles,Silver
1980,Lake Placid,Luge,Luge,"WINKLER, Anton",FRG,Men,Singles,Bronze
1980,Lake Placid,Luge,Luge,"GLASS, Bernhard",GDR,Men,Singles,Gold
1980,Lake Placid,Luge,Luge,"HILDGARTNER, Paul",ITA,Men,Singles,Silver
1980,Lake Placid,Luge,Luge,"AMANTOVA, Ingrida",URS,Women,Singles,Bronze
1980,Lake Placid,Luge,Luge,"ZOZULA, Vera",URS,Women,Singles,Gold
1980,Lake Placid,Luge,Luge,"SOLLMANN, Melitta",GDR,Women,Singles,Silver
1980,Lake Placid,Skating,Figure skating,"MINENKOV, Andrey",URS,Men,Ice Dancing,Bronze
1980,Lake Placid,Skating,Figure skating,"MOISEYEVA, Irina",URS,Women,Ice Dancing,Bronze
1980,Lake Placid,Skating,Figure skating,"KARPONOSOV, Gennady",URS,Men,Ice Dancing,Gold
1980,Lake Placid,Skating,Figure skating,"LINICHUK, Natalya",URS,Women,Ice Dancing,Gold
1980,Lake Placid,Skating,Figure skating,"REGÃ–CZY, Krisztina",HUN,Women,Ice Dancing,Silver
1980,Lake Placid,Skating,Figure skating,"SALLAY, Andras",HUN,Men,Ice Dancing,Silver
1980,Lake Placid,Skating,Figure skating,"TICKNER, Charles",USA,Men,Individual,Bronze
1980,Lake Placid,Skating,Figure skating,"COUSINS, Robin",GBR,Men,Individual,Gold
1980,Lake Placid,Skating,Figure skating,"HOFFMANN, Jan",GDR,Men,Individual,Silver
1980,Lake Placid,Skating,Figure skating,"LURZ, Dagmar",FRG,Women,Individual,Bronze
1980,Lake Placid,Skating,Figure skating,"PÃ–TZSCH, Anett",GDR,Women,Individual,Gold
1980,Lake Placid,Skating,Figure skating,"FRATIANNE, Linda",USA,Women,Individual,Silver
1980,Lake Placid,Skating,Figure skating,"BEWERSDORFF, Uwe",GDR,Men,Pairs,Bronze
1980,Lake Placid,Skating,Figure skating,"MAGER, Manuela",GDR,Women,Pairs,Bronze
1980,Lake Placid,Skating,Figure skating,"RODNINA, Irina",URS,Women,Pairs,Gold
1980,Lake Placid,Skating,Figure skating,"ZAYTSEV, Aleksandr",URS,Men,Pairs,Gold
1980,Lake Placid,Skating,Figure skating,"CHERKASOVA, Marina",URS,Women,Pairs,Silver
1980,Lake Placid,Skating,Figure skating,"SHAKRAY, Sergey",URS,Men,Pairs,Silver
1980,Lake Placid,Skating,Speed skating,"OXHOLM, Tom Erik",NOR,Men,10000M,Bronze
1980,Lake Placid,Skating,Speed skating,"HEIDEN, Eric",USA,Men,10000M,Gold
1980,Lake Placid,Skating,Speed skating,"KLEINE, Piet",NED,Men,10000M,Silver
1980,Lake Placid,Skating,Speed skating,"RÃ–NNING, Frode",NOR,Men,1000M,Bronze
1980,Lake Placid,Skating,Speed skating,"LOBANOV, Vladimir",URS,Men,1000M,Bronze
1980,Lake Placid,Skating,Speed skating,"HEIDEN, Eric",USA,Men,1000M,Gold
1980,Lake Placid,Skating,Speed skating,"BOUCHER, Gaetan",CAN,Men,1000M,Silver
1980,Lake Placid,Skating,Speed skating,"ALBRECHT, Silvia",GDR,Women,1000M,Bronze
1980,Lake Placid,Skating,Speed skating,"PETRUSEVA, Natalya",URS,Women,1000M,Gold
1980,Lake Placid,Skating,Speed skating,"MUELLER, Leah",USA,Women,1000M,Silver
1980,Lake Placid,Skating,Speed skating,"ANDERSEN, Terje",NOR,Men,1500M,Bronze
1980,Lake Placid,Skating,Speed skating,"HEIDEN, Eric",USA,Men,1500M,Gold
1980,Lake Placid,Skating,Speed skating,"STENSHJEMMET, Kai Arne",NOR,Men,1500M,Silver
1980,Lake Placid,Skating,Speed skating,"BECKER, Sabine",GDR,Women,1500M,Bronze
1980,Lake Placid,Skating,Speed skating,"BORCKINK, Annie",NED,Women,1500M,Gold
1980,Lake Placid,Skating,Speed skating,"VISSER, Adriana",NED,Women,1500M,Silver
1980,Lake Placid,Skating,Speed skating,"HEIDEN, Beth",USA,Women,3000M,Bronze
1980,Lake Placid,Skating,Speed skating,"JENSEN, BjÃ¶rg Eva",NOR,Women,3000M,Gold
1980,Lake Placid,Skating,Speed skating,"BECKER, Sabine",GDR,Women,3000M,Silver
1980,Lake Placid,Skating,Speed skating,"OXHOLM, Tom Erik",NOR,Men,5000M,Bronze
1980,Lake Placid,Skating,Speed skating,"HEIDEN, Eric",USA,Men,5000M,Gold
1980,Lake Placid,Skating,Speed skating,"STENSHJEMMET, Kai Arne",NOR,Men,5000M,Silver
1980,Lake Placid,Skating,Speed skating,"DE BOER, Lieuwe",NED,Men,500M,Bronze
1980,Lake Placid,Skating,Speed skating,"HEIDEN, Eric",USA,Men,500M,Gold
1980,Lake Placid,Skating,Speed skating,"KULIKOV, Yevgeny",URS,Men,500M,Silver
1980,Lake Placid,Skating,Speed skating,"PETRUSEVA, Natalya",URS,Women,500M,Bronze
1980,Lake Placid,Skating,Speed skating,"KANIA, Karin",GDR,Women,500M,Gold
1980,Lake Placid,Skating,Speed skating,"MUELLER, Leah",USA,Women,500M,Silver
1980,Lake Placid,Skiing,Alpine Skiing,"PODBORSKI, Steve",CAN,Men,Downhill,Bronze
1980,Lake Placid,Skiing,Alpine Skiing,"STOCK, Leonhard",AUT,Men,Downhill,Gold
1980,Lake Placid,Skiing,Alpine Skiing,"WIRNSBERGER, Peter",AUT,Men,Downhill,Silver
1980,Lake Placid,Skiing,Alpine Skiing,"NADIG, Marie-Theres",SUI,Women,Downhill,Bronze
1980,Lake Placid,Skiing,Alpine Skiing,"MOSER-PROLL, Annemarie",AUT,Women,Downhill,Gold
1980,Lake Placid,Skiing,Alpine Skiing,"WENZEL, Hanni",LIE,Women,Downhill,Silver
1980,Lake Placid,Skiing,Alpine Skiing,"ENN, Hans",AUT,Men,Giant Slalom,Bronze
1980,Lake Placid,Skiing,Alpine Skiing,"STENMARK, Ingemar",SWE,Men,Giant Slalom,Gold
1980,Lake Placid,Skiing,Alpine Skiing,"WENZEL, Andreas",LIE,Men,Giant Slalom,Silver
1980,Lake Placid,Skiing,Alpine Skiing,"PELEN, Perrine",FRA,Women,Giant Slalom,Bronze
1980,Lake Placid,Skiing,Alpine Skiing,"WENZEL, Hanni",LIE,Women,Giant Slalom,Gold
1980,Lake Placid,Skiing,Alpine Skiing,"EPPLE, Irene",FRG,Women,Giant Slalom,Silver
1980,Lake Placid,Skiing,Alpine Skiing,"LÃœTHY, Jacques",SUI,Men,Slalom,Bronze
1980,Lake Placid,Skiing,Alpine Skiing,"STENMARK, Ingemar",SWE,Men,Slalom,Gold
1980,Lake Placid,Skiing,Alpine Skiing,"MAHRE, Phillip",USA,Men,Slalom,Silver
1980,Lake Placid,Skiing,Alpine Skiing,"HESS, Erika",SUI,Women,Slalom,Bronze
1980,Lake Placid,Skiing,Alpine Skiing,"WENZEL, Hanni",LIE,Women,Slalom,Gold
1980,Lake Placid,Skiing,Alpine Skiing,"KINSHOFER GUETHLEIN, Christa",FRG,Women,Slalom,Silver
1980,Lake Placid,Skiing,Cross Country Skiing,"TAKALO, Helena",FIN,Women,10KM,Bronze
1980,Lake Placid,Skiing,Cross Country Skiing,"PETZOLD, Barbara",GDR,Women,10KM,Gold
1980,Lake Placid,Skiing,Cross Country Skiing,"RIIHIVUORI, Hilkka",FIN,Women,10KM,Silver
1980,Lake Placid,Skiing,Cross Country Skiing,"AUNLI, Ove",NOR,Men,15KM,Bronze
1980,Lake Placid,Skiing,Cross Country Skiing,"WASSBERG, Thomas",SWE,Men,15KM,Gold
1980,Lake Placid,Skiing,Cross Country Skiing,"MIETO, Juha",FIN,Men,15KM,Silver
1980,Lake Placid,Skiing,Cross Country Skiing,"LEBANOV, Ivan",BUL,Men,30KM Mass Start,Bronze
1980,Lake Placid,Skiing,Cross Country Skiing,"ZIMYATOV, Nikolay",URS,Men,30KM Mass Start,Gold
1980,Lake Placid,Skiing,Cross Country Skiing,"ROCHEV, Vasily",URS,Men,30KM Mass Start,Silver
1980,Lake Placid,Skiing,Cross Country Skiing,"KIRVESNIEMI, Harri",FIN,Men,4X10KM Relay,Bronze
1980,Lake Placid,Skiing,Cross Country Skiing,"MIETO, Juha",FIN,Men,4X10KM Relay,Bronze
1980,Lake Placid,Skiing,Cross Country Skiing,"PITKÃ„NEN, Matti",FIN,Men,4X10KM Relay,Bronze
1980,Lake Placid,Skiing,Cross Country Skiing,"TEURAJÃ„RVI, Pertti",FIN,Men,4X10KM Relay,Bronze
1980,Lake Placid,Skiing,Cross Country Skiing,"BAZHUKOV, Nikolay",URS,Men,4X10KM Relay,Gold
1980,Lake Placid,Skiing,Cross Country Skiing,"BELYAEV, Yevgeny",URS,Men,4X10KM Relay,Gold
1980,Lake Placid,Skiing,Cross Country Skiing,"ROCHEV, Vasily",URS,Men,4X10KM Relay,Gold
1980,Lake Placid,Skiing,Cross Country Skiing,"ZIMYATOV, Nikolay",URS,Men,4X10KM Relay,Gold
1980,Lake Placid,Skiing,Cross Country Skiing,"AALAND, Per Knut",NOR,Men,4X10KM Relay,Silver
1980,Lake Placid,Skiing,Cross Country Skiing,"AUNLI, Ove",NOR,Men,4X10KM Relay,Silver
1980,Lake Placid,Skiing,Cross Country Skiing,"BRAA, Oddvar",NOR,Men,4X10KM Relay,Silver
1980,Lake Placid,Skiing,Cross Country Skiing,"ERIKSEN, Lars Erik",NOR,Men,4X10KM Relay,Silver
1980,Lake Placid,Skiing,Cross Country Skiing,"AUNLI, Berit",NOR,Women,4X5KM Relay,Bronze
1980,Lake Placid,Skiing,Cross Country Skiing,"BÃ–E, Anette",NOR,Women,4X5KM Relay,Bronze
1980,Lake Placid,Skiing,Cross Country Skiing,"MYRMAEL, Marit",NOR,Women,4X5KM Relay,Bronze
1980,Lake Placid,Skiing,Cross Country Skiing,"PETTERSEN, Brit",NOR,Women,4X5KM Relay,Bronze
1980,Lake Placid,Skiing,Cross Country Skiing,"ANDING, Carola",GDR,Women,4X5KM Relay,Gold
1980,Lake Placid,Skiing,Cross Country Skiing,"PETZOLD, Barbara",GDR,Women,4X5KM Relay,Gold
1980,Lake Placid,Skiing,Cross Country Skiing,"ROSTOCK, Marlies",GDR,Women,4X5KM Relay,Gold
1980,Lake Placid,Skiing,Cross Country Skiing,"SCHMIDT, Veronika",GDR,Women,4X5KM Relay,Gold
1980,Lake Placid,Skiing,Cross Country Skiing,"BALDYCHEVA, Nina",URS,Women,4X5KM Relay,Silver
1980,Lake Placid,Skiing,Cross Country Skiing,"KULAKOVA, Galina",URS,Women,4X5KM Relay,Silver
1980,Lake Placid,Skiing,Cross Country Skiing,"ROCHEVA, Nina",URS,Women,4X5KM Relay,Silver
1980,Lake Placid,Skiing,Cross Country Skiing,"SMETANINA, Raisa",URS,Women,4X5KM Relay,Silver
1980,Lake Placid,Skiing,Cross Country Skiing,"ZAVYALOV, Aleksandr",URS,Men,50KM,Bronze
1980,Lake Placid,Skiing,Cross Country Skiing,"ZIMYATOV, Nikolay",URS,Men,50KM,Gold
1980,Lake Placid,Skiing,Cross Country Skiing,"MIETO, Juha",FIN,Men,50KM,Silver
1980,Lake Placid,Skiing,Cross Country Skiing,"JERIOVA, Kvetoslava",TCH,Women,5KM,Bronze
1980,Lake Placid,Skiing,Cross Country Skiing,"SMETANINA, Raisa",URS,Women,5KM,Gold
1980,Lake Placid,Skiing,Cross Country Skiing,"RIIHIVUORI, Hilkka",FIN,Women,5KM,Silver
1980,Lake Placid,Skiing,Nordic Combined,"WINKLER, Konrad",GDR,Men,Individual,Bronze
1980,Lake Placid,Skiing,Nordic Combined,"WEHLING, Ulrich",GDR,Men,Individual,Gold
1980,Lake Placid,Skiing,Nordic Combined,"KARJALAINEN, Jouko",FIN,Men,Individual,Silver
1980,Lake Placid,Skiing,Ski Jumping,"PUIKKONEN, Jari",FIN,Men,K120 Individual (90M),Bronze
1980,Lake Placid,Skiing,Ski Jumping,"TÃ–RMÃ„NEN, Jouko",FIN,Men,K120 Individual (90M),Gold
1980,Lake Placid,Skiing,Ski Jumping,"NEUPER, Hubert",AUT,Men,K120 Individual (90M),Silver
1980,Lake Placid,Skiing,Ski Jumping,"INNAUER, Anton",AUT,Men,K90 Individual (70M),Gold
1980,Lake Placid,Skiing,Ski Jumping,"DECKERT, Manfred",GDR,Men,K90 Individual (70M),Silver
1980,Lake Placid,Skiing,Ski Jumping,"YAGI, Hirokazu",JPN,Men,K90 Individual (70M),Silver
1984,Sarajevo,Biathlon,Biathlon,"JACOB, Matthias",GDR,Men,10KM,Bronze
1984,Sarajevo,Biathlon,Biathlon,"KVALFOSS, Eirik",NOR,Men,10KM,Gold
1984,Sarajevo,Biathlon,Biathlon,"ANGERER, Peter",FRG,Men,10KM,Silver
1984,Sarajevo,Biathlon,Biathlon,"KVALFOSS, Eirik",NOR,Men,20KM,Bronze
1984,Sarajevo,Biathlon,Biathlon,"ANGERER, Peter",FRG,Men,20KM,Gold
1984,Sarajevo,Biathlon,Biathlon,"ROETSCH, Frank-Peter",GDR,Men,20KM,Silver
1984,Sarajevo,Biathlon,Biathlon,"ANGERER, Peter",FRG,Men,4X7.5KM Relay,Bronze
1984,Sarajevo,Biathlon,Biathlon,"FISCHER, Fritz",FRG,Men,4X7.5KM Relay,Bronze
1984,Sarajevo,Biathlon,Biathlon,"PICHLER, Walter",FRG,Men,4X7.5KM Relay,Bronze
1984,Sarajevo,Biathlon,Biathlon,"REITER, Ernst",FRG,Men,4X7.5KM Relay,Bronze
1984,Sarajevo,Biathlon,Biathlon,"BULIGINE, Sergei",URS,Men,4X7.5KM Relay,Gold
1984,Sarajevo,Biathlon,Biathlon,"KACHKAROV, Yuri",URS,Men,4X7.5KM Relay,Gold
1984,Sarajevo,Biathlon,Biathlon,"SHALNA, Alguimantas",URS,Men,4X7.5KM Relay,Gold
1984,Sarajevo,Biathlon,Biathlon,"VASSILIEV, Dmitri",URS,Men,4X7.5KM Relay,Gold
1984,Sarajevo,Biathlon,Biathlon,"KVALFOSS, Eirik",NOR,Men,4X7.5KM Relay,Silver
1984,Sarajevo,Biathlon,Biathlon,"LIRHUS, Odd",NOR,Men,4X7.5KM Relay,Silver
1984,Sarajevo,Biathlon,Biathlon,"SÃ–BAK, Kjell",NOR,Men,4X7.5KM Relay,Silver
1984,Sarajevo,Biathlon,Biathlon,"STORSVEEN, Rolf",NOR,Men,4X7.5KM Relay,Silver
1984,Sarajevo,Bobsleigh,Bobsleigh,"FREIERMUTH, Rico",SUI,Men,Four-Man,Bronze
1984,Sarajevo,Bobsleigh,Bobsleigh,"GIOBELLINA, Silvio",SUI,Men,Four-Man,Bronze
1984,Sarajevo,Bobsleigh,Bobsleigh,"SALZMANN, Urs",SUI,Men,Four-Man,Bronze
1984,Sarajevo,Bobsleigh,Bobsleigh,"STETTLER, Heinz",SUI,Men,Four-Man,Bronze
1984,Sarajevo,Bobsleigh,Bobsleigh,"HOPPE, Wolfgang",GDR,Men,Four-Man,Gold
1984,Sarajevo,Bobsleigh,Bobsleigh,"KIRCHNER, Andreas",GDR,Men,Four-Man,Gold
1984,Sarajevo,Bobsleigh,Bobsleigh,"SCHAUERHAMMER, Dietmar",GDR,Men,Four-Man,Gold
1984,Sarajevo,Bobsleigh,Bobsleigh,"WETZIG, Roland",GDR,Men,Four-Man,Gold
1984,Sarajevo,Bobsleigh,Bobsleigh,"LEHMANN, Bernhard",GDR,Men,Four-Man,Silver
1984,Sarajevo,Bobsleigh,Bobsleigh,"MUSIOL, Bogdan",GDR,Men,Four-Man,Silver
1984,Sarajevo,Bobsleigh,Bobsleigh,"VOGE, Ingo",GDR,Men,Four-Man,Silver
1984,Sarajevo,Bobsleigh,Bobsleigh,"WEISE, Eberhard",GDR,Men,Four-Man,Silver
1984,Sarajevo,Bobsleigh,Bobsleigh,"ALEKSANDROV, Vladimir",URS,Men,Two-Man,Bronze
1984,Sarajevo,Bobsleigh,Bobsleigh,"EKMANIS, Zintis",URS,Men,Two-Man,Bronze
1984,Sarajevo,Bobsleigh,Bobsleigh,"HOPPE, Wolfgang",GDR,Men,Two-Man,Gold
1984,Sarajevo,Bobsleigh,Bobsleigh,"SCHAUERHAMMER, Dietmar",GDR,Men,Two-Man,Gold
1984,Sarajevo,Bobsleigh,Bobsleigh,"LEHMANN, Bernhard",GDR,Men,Two-Man,Silver
1984,Sarajevo,Bobsleigh,Bobsleigh,"MUSIOL, Bogdan",GDR,Men,Two-Man,Silver
1984,Sarajevo,Ice Hockey,Ice Hockey,"AAHLEN, Thomas",SWE,Men,Ice Hockey,Bronze
1984,Sarajevo,Ice Hockey,Ice Hockey,"EKLUND, Per-Erik",SWE,Men,Ice Hockey,Bronze
1984,Sarajevo,Ice Hockey,Ice Hockey,"EKLUND, Thomas",SWE,Men,Ice Hockey,Bronze
1984,Sarajevo,Ice Hockey,Ice Hockey,"ERICSSON, Bo",SWE,Men,Ice Hockey,Bronze
1984,Sarajevo,Ice Hockey,Ice Hockey,"ERIKSSON, Lars Haakan",SWE,Men,Ice Hockey,Bronze
1984,Sarajevo,Ice Hockey,Ice Hockey,"GRADIN, Peter",SWE,Men,Ice Hockey,Bronze
1984,Sarajevo,Ice Hockey,Ice Hockey,"HESSEL, Mats",SWE,Men,Ice Hockey,Bronze
1984,Sarajevo,Ice Hockey,Ice Hockey,"HJÃ„LM, Peter Michael",SWE,Men,Ice Hockey,Bronze
1984,Sarajevo,Ice Hockey,Ice Hockey,"LINDBLOM, GÃ¶ran",SWE,Men,Ice Hockey,Bronze
1984,Sarajevo,Ice Hockey,Ice Hockey,"MÃ–RTH, Tommy",SWE,Men,Ice Hockey,Bronze
1984,Sarajevo,Ice Hockey,Ice Hockey,"NORDIN, Leif Haakan",SWE,Men,Ice Hockey,Bronze
1984,Sarajevo,Ice Hockey,Ice Hockey,"Ã–HLING, Jens",SWE,Men,Ice Hockey,Bronze
1984,Sarajevo,Ice Hockey,Ice Hockey,"RIDDERVALL, Rolf-Lennart",SWE,Men,Ice Hockey,Bronze
1984,Sarajevo,Ice Hockey,Ice Hockey,"RUNDQVIST, Thomas",SWE,Men,Ice Hockey,Bronze
1984,Sarajevo,Ice Hockey,Ice Hockey,"SANDSTROEM, Thomas",SWE,Men,Ice Hockey,Bronze
1984,Sarajevo,Ice Hockey,Ice Hockey,"SÃ–DERGREN, Karl Haakan",SWE,Men,Ice Hockey,Bronze
1984,Sarajevo,Ice Hockey,Ice Hockey,"THELIN, Mats",SWE,Men,Ice Hockey,Bronze
1984,Sarajevo,Ice Hockey,Ice Hockey,"THELVEN, Arne Michael",SWE,Men,Ice Hockey,Bronze
1984,Sarajevo,Ice Hockey,Ice Hockey,"WÃ„LITALO, GÃ¶te",SWE,Men,Ice Hockey,Bronze
1984,Sarajevo,Ice Hockey,Ice Hockey,"WALTIN, Mats",SWE,Men,Ice Hockey,Bronze
1984,Sarajevo,Ice Hockey,Ice Hockey,"BILJALETDINOV, Zinetula",URS,Men,Ice Hockey,Gold
1984,Sarajevo,Ice Hockey,Ice Hockey,"CHEPELEV, Sergei",URS,Men,Ice Hockey,Gold
1984,Sarajevo,Ice Hockey,Ice Hockey,"DROZDETSKI, Nikolai",URS,Men,Ice Hockey,Gold
1984,Sarajevo,Ice Hockey,Ice Hockey,"FETISOV, Viacheslav",URS,Men,Ice Hockey,Gold
1984,Sarajevo,Ice Hockey,Ice Hockey,"GERASIMOV, Aleksandr",URS,Men,Ice Hockey,Gold
1984,Sarajevo,Ice Hockey,Ice Hockey,"KASATONOV, Aleksei",URS,Men,Ice Hockey,Gold
1984,Sarajevo,Ice Hockey,Ice Hockey,"KOMUTOV, Andrei",URS,Men,Ice Hockey,Gold
1984,Sarajevo,Ice Hockey,Ice Hockey,"KOVIN, Vladimir",URS,Men,Ice Hockey,Gold
1984,Sarajevo,Ice Hockey,Ice Hockey,"KOZHERNIKOV, Aleksandr",URS,Men,Ice Hockey,Gold
1984,Sarajevo,Ice Hockey,Ice Hockey,"KRUTOV, Vladimir",URS,Men,Ice Hockey,Gold
1984,Sarajevo,Ice Hockey,Ice Hockey,"LARIONOV, Igor",URS,Men,Ice Hockey,Gold
1984,Sarajevo,Ice Hockey,Ice Hockey,"MAKAROV, Sergei",URS,Men,Ice Hockey,Gold
1984,Sarajevo,Ice Hockey,Ice Hockey,"MYSHKIN, Vladimir",URS,Men,Ice Hockey,Gold
1984,Sarajevo,Ice Hockey,Ice Hockey,"PERVUKHINE, Vasili",URS,Men,Ice Hockey,Gold
1984,Sarajevo,Ice Hockey,Ice Hockey,"SKVORTSOV, Aleksandr",URS,Men,Ice Hockey,Gold
1984,Sarajevo,Ice Hockey,Ice Hockey,"STARIKOV, Sergei",URS,Men,Ice Hockey,Gold
1984,Sarajevo,Ice Hockey,Ice Hockey,"STELNOV, Igor",URS,Men,Ice Hockey,Gold
1984,Sarajevo,Ice Hockey,Ice Hockey,"TRETYAK, Vladislav",URS,Men,Ice Hockey,Gold
1984,Sarajevo,Ice Hockey,Ice Hockey,"TUMENEV, Viktor",URS,Men,Ice Hockey,Gold
1984,Sarajevo,Ice Hockey,Ice Hockey,"VASSILIEV, Mikhail",URS,Men,Ice Hockey,Gold
1984,Sarajevo,Ice Hockey,Ice Hockey,"BENAK, Jaroslav",TCH,Men,Ice Hockey,Silver
1984,Sarajevo,Ice Hockey,Ice Hockey,"CALDR, Vladimir",TCH,Men,Ice Hockey,Silver
1984,Sarajevo,Ice Hockey,Ice Hockey,"CERNIK, Frantisek",TCH,Men,Ice Hockey,Silver
1984,Sarajevo,Ice Hockey,Ice Hockey,"CHALUPA, Milan",TCH,Men,Ice Hockey,Silver
1984,Sarajevo,Ice Hockey,Ice Hockey,"HORAVA, Miloslav",TCH,Men,Ice Hockey,Silver
1984,Sarajevo,Ice Hockey,Ice Hockey,"HRDINA, Jiri",TCH,Men,Ice Hockey,Silver
1984,Sarajevo,Ice Hockey,Ice Hockey,"KADLEC, Arnold",TCH,Men,Ice Hockey,Silver
1984,Sarajevo,Ice Hockey,Ice Hockey,"KORBELA, Jaroslav",TCH,Men,Ice Hockey,Silver
1984,Sarajevo,Ice Hockey,Ice Hockey,"KRALIK, Jiri",TCH,Men,Ice Hockey,Silver
1984,Sarajevo,Ice Hockey,Ice Hockey,"KYHOS, Vladimir",TCH,Men,Ice Hockey,Silver
1984,Sarajevo,Ice Hockey,Ice Hockey,"LALA, Jiri",TCH,Men,Ice Hockey,Silver
1984,Sarajevo,Ice Hockey,Ice Hockey,"LIBA, Igor",TCH,Men,Ice Hockey,Silver
1984,Sarajevo,Ice Hockey,Ice Hockey,"LUKAC, Vincent",TCH,Men,Ice Hockey,Silver
1984,Sarajevo,Ice Hockey,Ice Hockey,"PASEK, Dusan",TCH,Men,Ice Hockey,Silver
1984,Sarajevo,Ice Hockey,Ice Hockey,"RICHTER, Pavel",TCH,Men,Ice Hockey,Silver
1984,Sarajevo,Ice Hockey,Ice Hockey,"RUSNAK, Darius",TCH,Men,Ice Hockey,Silver
1984,Sarajevo,Ice Hockey,Ice Hockey,"RUZICKA, Vladimir",TCH,Men,Ice Hockey,Silver
1984,Sarajevo,Ice Hockey,Ice Hockey,"SINDEL, Jaromir",TCH,Men,Ice Hockey,Silver
1984,Sarajevo,Ice Hockey,Ice Hockey,"SVOBODA, Radoslav",TCH,Men,Ice Hockey,Silver
1984,Sarajevo,Ice Hockey,Ice Hockey,"UVIRA, Eduard",TCH,Men,Ice Hockey,Silver
1984,Sarajevo,Luge,Luge,"HOFFMANN, JÃ¶rg",GDR,Men,Doubles,Bronze
1984,Sarajevo,Luge,Luge,"PIETZSCH, Jochen",GDR,Men,Doubles,Bronze
1984,Sarajevo,Luge,Luge,"STANGASSINGER, Hans",FRG,Men,Doubles,Gold
1984,Sarajevo,Luge,Luge,"WEMBACHER, Franz",FRG,Men,Doubles,Gold
1984,Sarajevo,Luge,Luge,"BELIAKOV, Aleksandr",URS,Men,Doubles,Silver
1984,Sarajevo,Luge,Luge,"BELUSOV, Evgeni",URS,Men,Doubles,Silver
1984,Sarajevo,Luge,Luge,"DUDIN, Valery",URS,Men,Singles,Bronze
1984,Sarajevo,Luge,Luge,"HILDGARTNER, Paul",ITA,Men,Singles,Gold
1984,Sarajevo,Luge,Luge,"DANILIN, Sergey",URS,Men,Singles,Silver
1984,Sarajevo,Luge,Luge,"OBERHOFFNER, Ute",GDR,Women,Singles,Bronze
1984,Sarajevo,Luge,Luge,"WALTER, Steffi",GDR,Women,Singles,Gold
1984,Sarajevo,Luge,Luge,"SCHMIDT, Bettina",GDR,Women,Singles,Silver
1984,Sarajevo,Skating,Figure skating,"KLIMOVA, Marina",URS,Women,Ice Dancing,Bronze
1984,Sarajevo,Skating,Figure skating,"PONOMARENKO, Sergey",URS,Men,Ice Dancing,Bronze
1984,Sarajevo,Skating,Figure skating,"DEAN, Christopher",GBR,Men,Ice Dancing,Gold
1984,Sarajevo,Skating,Figure skating,"TORVILL, Jayne",GBR,Women,Ice Dancing,Gold
1984,Sarajevo,Skating,Figure skating,"BESTEMYANOVA, Natalya",URS,Women,Ice Dancing,Silver
1984,Sarajevo,Skating,Figure skating,"BUKIN, Andrey",URS,Men,Ice Dancing,Silver
1984,Sarajevo,Skating,Figure skating,"SABOVCIK, Josef",TCH,Men,Individual,Bronze
1984,Sarajevo,Skating,Figure skating,"HAMILTON, Scott",USA,Men,Individual,Gold
1984,Sarajevo,Skating,Figure skating,"ORSER, Brian",CAN,Men,Individual,Silver
1984,Sarajevo,Skating,Figure skating,"IVANOVA, Kira",URS,Women,Individual,Bronze
1984,Sarajevo,Skating,Figure skating,"WITT, Katarina",GDR,Women,Individual,Gold
1984,Sarajevo,Skating,Figure skating,"SUMNERS, Rosalyn",USA,Women,Individual,Silver
1984,Sarajevo,Skating,Figure skating,"MAKAROV, Oleg",URS,Men,Pairs,Bronze
1984,Sarajevo,Skating,Figure skating,"SELEZNYOVA, Larisa",URS,Women,Pairs,Bronze
1984,Sarajevo,Skating,Figure skating,"VALOVA, Yelena",URS,Women,Pairs,Gold
1984,Sarajevo,Skating,Figure skating,"VASILYEV, Oleg",URS,Men,Pairs,Gold
1984,Sarajevo,Skating,Figure skating,"CARRUTHERS, Kitty",USA,Women,Pairs,Silver
1984,Sarajevo,Skating,Figure skating,"CARRUTHERS, Peter",USA,Men,Pairs,Silver
1984,Sarajevo,Skating,Speed skating,"SCHÃ–FISCH, RenÃ©",GDR,Men,10000M,Bronze
1984,Sarajevo,Skating,Speed skating,"MALKOV, Igor",URS,Men,10000M,Gold
1984,Sarajevo,Skating,Speed skating,"GUSTAFSON, Tomas",SWE,Men,10000M,Silver
1984,Sarajevo,Skating,Speed skating,"ENGELSTAD, Kai Arne",NOR,Men,1000M,Bronze
1984,Sarajevo,Skating,Speed skating,"BOUCHER, Gaetan",CAN,Men,1000M,Gold
1984,Sarajevo,Skating,Speed skating,"KHLEBNIKOV, Sergey",URS,Men,1000M,Silver
1984,Sarajevo,Skating,Speed skating,"PETRUSEVA, Natalya",URS,Women,1000M,Bronze
1984,Sarajevo,Skating,Speed skating,"KANIA, Karin",GDR,Women,1000M,Gold
1984,Sarajevo,Skating,Speed skating,"EHRIG, Andrea",GDR,Women,1000M,Silver
1984,Sarajevo,Skating,Speed skating,"BOZHYEV, Oleg",URS,Men,1500M,Bronze
1984,Sarajevo,Skating,Speed skating,"BOUCHER, Gaetan",CAN,Men,1500M,Gold
1984,Sarajevo,Skating,Speed skating,"KHLEBNIKOV, Sergey",URS,Men,1500M,Silver
1984,Sarajevo,Skating,Speed skating,"PETRUSEVA, Natalya",URS,Women,1500M,Bronze
1984,Sarajevo,Skating,Speed skating,"KANIA, Karin",GDR,Women,1500M,Gold
1984,Sarajevo,Skating,Speed skating,"EHRIG, Andrea",GDR,Women,1500M,Silver
1984,Sarajevo,Skating,Speed skating,"ZANGE, Gabi",GDR,Women,3000M,Bronze
1984,Sarajevo,Skating,Speed skating,"EHRIG, Andrea",GDR,Women,3000M,Gold
1984,Sarajevo,Skating,Speed skating,"KANIA, Karin",GDR,Women,3000M,Silver
1984,Sarajevo,Skating,Speed skating,"SCHÃ–FISCH, RenÃ©",GDR,Men,5000M,Bronze
1984,Sarajevo,Skating,Speed skating,"GUSTAFSON, Tomas",SWE,Men,5000M,Gold
1984,Sarajevo,Skating,Speed skating,"MALKOV, Igor",URS,Men,5000M,Silver
1984,Sarajevo,Skating,Speed skating,"BOUCHER, Gaetan",CAN,Men,500M,Bronze
1984,Sarajevo,Skating,Speed skating,"FOKICHEV, Sergey",URS,Men,500M,Gold
1984,Sarajevo,Skating,Speed skating,"KITAZAWA, Yoshihiro",JPN,Men,500M,Silver
1984,Sarajevo,Skating,Speed skating,"SHIVE, Natalya",URS,Women,500M,Bronze
1984,Sarajevo,Skating,Speed skating,"LUDING, Christa",GDR,Women,500M,Gold
1984,Sarajevo,Skating,Speed skating,"KANIA, Karin",GDR,Women,500M,Silver
1984,Sarajevo,Skiing,Alpine Skiing,"STEINER, Anton",AUT,Men,Downhill,Bronze
1984,Sarajevo,Skiing,Alpine Skiing,"JOHNSON, William",USA,Men,Downhill,Gold
1984,Sarajevo,Skiing,Alpine Skiing,"MÃœLLER, Peter",SUI,Men,Downhill,Silver
1984,Sarajevo,Skiing,Alpine Skiing,"CHARVATOVA, Olga",TCH,Women,Downhill,Bronze
1984,Sarajevo,Skiing,Alpine Skiing,"FIGINI, Michela",SUI,Women,Downhill,Gold
1984,Sarajevo,Skiing,Alpine Skiing,"WALLISER, Maria",SUI,Women,Downhill,Silver
1984,Sarajevo,Skiing,Alpine Skiing,"WENZEL, Andreas",LIE,Men,Giant Slalom,Bronze
1984,Sarajevo,Skiing,Alpine Skiing,"JULEN, Max",SUI,Men,Giant Slalom,Gold
1984,Sarajevo,Skiing,Alpine Skiing,"FRANKO, Jure",YUG,Men,Giant Slalom,Silver
1984,Sarajevo,Skiing,Alpine Skiing,"PELEN, Perrine",FRA,Women,Giant Slalom,Bronze
1984,Sarajevo,Skiing,Alpine Skiing,"ARMSTRONG, Debbie",USA,Women,Giant Slalom,Gold
1984,Sarajevo,Skiing,Alpine Skiing,"COOPER, Christin",USA,Women,Giant Slalom,Silver
1984,Sarajevo,Skiing,Alpine Skiing,"BOUVET, Didier",FRA,Men,Slalom,Bronze
1984,Sarajevo,Skiing,Alpine Skiing,"MAHRE, Phillip",USA,Men,Slalom,Gold
1984,Sarajevo,Skiing,Alpine Skiing,"MAHRE, Steven",USA,Men,Slalom,Silver
1984,Sarajevo,Skiing,Alpine Skiing,"KONZETT, Ursula",LIE,Women,Slalom,Bronze
1984,Sarajevo,Skiing,Alpine Skiing,"MAGONI, Paoletta",ITA,Women,Slalom,Gold
1984,Sarajevo,Skiing,Alpine Skiing,"PELEN, Perrine",FRA,Women,Slalom,Silver
1984,Sarajevo,Skiing,Cross Country Skiing,"PETTERSEN, Brit",NOR,Women,10KM,Bronze
1984,Sarajevo,Skiing,Cross Country Skiing,"KIRVESNIEMI, Marja-Liisa",FIN,Women,10KM,Gold
1984,Sarajevo,Skiing,Cross Country Skiing,"SMETANINA, Raisa",URS,Women,10KM,Silver
1984,Sarajevo,Skiing,Cross Country Skiing,"KIRVESNIEMI, Harri",FIN,Men,15KM,Bronze
1984,Sarajevo,Skiing,Cross Country Skiing,"SVAN, Gunde Anders",SWE,Men,15KM,Gold
1984,Sarajevo,Skiing,Cross Country Skiing,"KARVONEN, Aki",FIN,Men,15KM,Silver
1984,Sarajevo,Skiing,Cross Country Skiing,"JAHREN, Anne",NOR,Women,20KM,Bronze
1984,Sarajevo,Skiing,Cross Country Skiing,"KIRVESNIEMI, Marja-Liisa",FIN,Women,20KM,Gold
1984,Sarajevo,Skiing,Cross Country Skiing,"SMETANINA, Raisa",URS,Women,20KM,Silver
1984,Sarajevo,Skiing,Cross Country Skiing,"SVAN, Gunde Anders",SWE,Men,30KM Mass Start,Bronze
1984,Sarajevo,Skiing,Cross Country Skiing,"ZIMYATOV, Nikolay",URS,Men,30KM Mass Start,Gold
1984,Sarajevo,Skiing,Cross Country Skiing,"ZAVYALOV, Aleksandr",URS,Men,30KM Mass Start,Silver
1984,Sarajevo,Skiing,Cross Country Skiing,"KARVONEN, Aki",FIN,Men,4X10KM Relay,Bronze
1984,Sarajevo,Skiing,Cross Country Skiing,"KIRVESNIEMI, Harri",FIN,Men,4X10KM Relay,Bronze
1984,Sarajevo,Skiing,Cross Country Skiing,"MIETO, Juha",FIN,Men,4X10KM Relay,Bronze
1984,Sarajevo,Skiing,Cross Country Skiing,"RISTANEN, Kari",FIN,Men,4X10KM Relay,Bronze
1984,Sarajevo,Skiing,Cross Country Skiing,"KOHLBERG, Benny Tord",SWE,Men,4X10KM Relay,Gold
1984,Sarajevo,Skiing,Cross Country Skiing,"OTTOSSON, Jan",SWE,Men,4X10KM Relay,Gold
1984,Sarajevo,Skiing,Cross Country Skiing,"SVAN, Gunde Anders",SWE,Men,4X10KM Relay,Gold
1984,Sarajevo,Skiing,Cross Country Skiing,"WASSBERG, Thomas",SWE,Men,4X10KM Relay,Gold
1984,Sarajevo,Skiing,Cross Country Skiing,"BATIUK, Aleksandr",URS,Men,4X10KM Relay,Silver
1984,Sarajevo,Skiing,Cross Country Skiing,"NIKITINE, Vladimir",URS,Men,4X10KM Relay,Silver
1984,Sarajevo,Skiing,Cross Country Skiing,"ZAVYALOV, Aleksandr",URS,Men,4X10KM Relay,Silver
1984,Sarajevo,Skiing,Cross Country Skiing,"ZIMYATOV, Nikolay",URS,Men,4X10KM Relay,Silver
1984,Sarajevo,Skiing,Cross Country Skiing,"HYYTIAINEN, Eija",FIN,Women,4X5KM Relay,Bronze
1984,Sarajevo,Skiing,Cross Country Skiing,"KIRVESNIEMI, Marja-Liisa",FIN,Women,4X5KM Relay,Bronze
1984,Sarajevo,Skiing,Cross Country Skiing,"MÃ„Ã„TTÃ„, Pirkko",FIN,Women,4X5KM Relay,Bronze
1984,Sarajevo,Skiing,Cross Country Skiing,"MATIKAINEN, Marjo",FIN,Women,4X5KM Relay,Bronze
1984,Sarajevo,Skiing,Cross Country Skiing,"AUNLI, Berit",NOR,Women,4X5KM Relay,Gold
1984,Sarajevo,Skiing,Cross Country Skiing,"JAHREN, Anne",NOR,Women,4X5KM Relay,Gold
1984,Sarajevo,Skiing,Cross Country Skiing,"NYBRAATEN, Inger Helene",NOR,Women,4X5KM Relay,Gold
1984,Sarajevo,Skiing,Cross Country Skiing,"PETTERSEN, Brit",NOR,Women,4X5KM Relay,Gold
1984,Sarajevo,Skiing,Cross Country Skiing,"JERIOVA, Kvetoslava",TCH,Women,4X5KM Relay,Silver
1984,Sarajevo,Skiing,Cross Country Skiing,"PAULU, Blanka",TCH,Women,4X5KM Relay,Silver
1984,Sarajevo,Skiing,Cross Country Skiing,"SCHVUBOVA, Dagmar",TCH,Women,4X5KM Relay,Silver
1984,Sarajevo,Skiing,Cross Country Skiing,"SVOBODOVA, Gabriela",TCH,Women,4X5KM Relay,Silver
1984,Sarajevo,Skiing,Cross Country Skiing,"KARVONEN, Aki",FIN,Men,50KM,Bronze
1984,Sarajevo,Skiing,Cross Country Skiing,"WASSBERG, Thomas",SWE,Men,50KM,Gold
1984,Sarajevo,Skiing,Cross Country Skiing,"SVAN, Gunde Anders",SWE,Men,50KM,Silver
1984,Sarajevo,Skiing,Cross Country Skiing,"JERIOVA, Kvetoslava",TCH,Women,5KM,Bronze
1984,Sarajevo,Skiing,Cross Country Skiing,"KIRVESNIEMI, Marja-Liisa",FIN,Women,5KM,Gold
1984,Sarajevo,Skiing,Cross Country Skiing,"AUNLI, Berit",NOR,Women,5KM,Silver
1984,Sarajevo,Skiing,Nordic Combined,"YLIPULLI, Jukka",FIN,Men,Individual,Bronze
1984,Sarajevo,Skiing,Nordic Combined,"SANDBERG, Tom",NOR,Men,Individual,Gold
1984,Sarajevo,Skiing,Nordic Combined,"KARJALAINEN, Jouko",FIN,Men,Individual,Silver
1984,Sarajevo,Skiing,Ski Jumping,"PLOC, Pavel",TCH,Men,K120 Individual (90M),Bronze
1984,Sarajevo,Skiing,Ski Jumping,"NYKANEN, Matti",FIN,Men,K120 Individual (90M),Gold
1984,Sarajevo,Skiing,Ski Jumping,"WEISSFLOG, Jens",GDR,Men,K120 Individual (90M),Silver
1984,Sarajevo,Skiing,Ski Jumping,"PUIKKONEN, Jari",FIN,Men,K90 Individual (70M),Bronze
1984,Sarajevo,Skiing,Ski Jumping,"WEISSFLOG, Jens",GDR,Men,K90 Individual (70M),Gold
1984,Sarajevo,Skiing,Ski Jumping,"NYKANEN, Matti",FIN,Men,K90 Individual (70M),Silver
1988,Calgary,Biathlon,Biathlon,"TCHEPIKOV, Sergei",URS,Men,10KM,Bronze
1988,Calgary,Biathlon,Biathlon,"ROETSCH, Frank-Peter",GDR,Men,10KM,Gold
1988,Calgary,Biathlon,Biathlon,"MEDVEDTSEV, Valery",URS,Men,10KM,Silver
1988,Calgary,Biathlon,Biathlon,"PASSLER, Johann",ITA,Men,20KM,Bronze
1988,Calgary,Biathlon,Biathlon,"ROETSCH, Frank-Peter",GDR,Men,20KM,Gold
1988,Calgary,Biathlon,Biathlon,"MEDVEDTSEV, Valery",URS,Men,20KM,Silver
1988,Calgary,Biathlon,Biathlon,"KIEM, Werner",ITA,Men,4X7.5KM Relay,Bronze
1988,Calgary,Biathlon,Biathlon,"PASSLER, Johann",ITA,Men,4X7.5KM Relay,Bronze
1988,Calgary,Biathlon,Biathlon,"TASCHLER, Gottlieb",ITA,Men,4X7.5KM Relay,Bronze
1988,Calgary,Biathlon,Biathlon,"ZINGERLE, Andreas",ITA,Men,4X7.5KM Relay,Bronze
1988,Calgary,Biathlon,Biathlon,"MEDVEDTSEV, Valery",URS,Men,4X7.5KM Relay,Gold
1988,Calgary,Biathlon,Biathlon,"POPOV, Aleksandr",URS,Men,4X7.5KM Relay,Gold
1988,Calgary,Biathlon,Biathlon,"TCHEPIKOV, Sergei",URS,Men,4X7.5KM Relay,Gold
1988,Calgary,Biathlon,Biathlon,"VASSILIEV, Dmitri",URS,Men,4X7.5KM Relay,Gold
1988,Calgary,Biathlon,Biathlon,"ANGERER, Peter",FRG,Men,4X7.5KM Relay,Silver
1988,Calgary,Biathlon,Biathlon,"FISCHER, Fritz",FRG,Men,4X7.5KM Relay,Silver
1988,Calgary,Biathlon,Biathlon,"HÃ–CK, Stefan",FRG,Men,4X7.5KM Relay,Silver
1988,Calgary,Biathlon,Biathlon,"REITER, Ernst",FRG,Men,4X7.5KM Relay,Silver
1988,Calgary,Bobsleigh,Bobsleigh,"KIPURS, Yanis",URS,Men,Four-Man,Bronze
1988,Calgary,Bobsleigh,Bobsleigh,"KOSLOV, Vladimir",URS,Men,Four-Man,Bronze
1988,Calgary,Bobsleigh,Bobsleigh,"OSSIS, Gountis",URS,Men,Four-Man,Bronze
1988,Calgary,Bobsleigh,Bobsleigh,"TONE, Juris",URS,Men,Four-Man,Bronze
1988,Calgary,Bobsleigh,Bobsleigh,"FASSER, Ekkehard",SUI,Men,Four-Man,Gold
1988,Calgary,Bobsleigh,Bobsleigh,"FÃ„SSLER, Marcel",SUI,Men,Four-Man,Gold
1988,Calgary,Bobsleigh,Bobsleigh,"MEIER, Kurt",SUI,Men,Four-Man,Gold
1988,Calgary,Bobsleigh,Bobsleigh,"STOCKER, Werner",SUI,Men,Four-Man,Gold
1988,Calgary,Bobsleigh,Bobsleigh,"HOPPE, Wolfgang",GDR,Men,Four-Man,Silver
1988,Calgary,Bobsleigh,Bobsleigh,"MUSIOL, Bogdan",GDR,Men,Four-Man,Silver
1988,Calgary,Bobsleigh,Bobsleigh,"SCHAUERHAMMER, Dietmar",GDR,Men,Four-Man,Silver
1988,Calgary,Bobsleigh,Bobsleigh,"VOGE, Ingo",GDR,Men,Four-Man,Silver
1988,Calgary,Bobsleigh,Bobsleigh,"HOYER, Mario",GDR,Men,Two-Man,Bronze
1988,Calgary,Bobsleigh,Bobsleigh,"LEHMANN, Bernhard",GDR,Men,Two-Man,Bronze
1988,Calgary,Bobsleigh,Bobsleigh,"KIPURS, Yanis",URS,Men,Two-Man,Gold
1988,Calgary,Bobsleigh,Bobsleigh,"KOSLOV, Vladimir",URS,Men,Two-Man,Gold
1988,Calgary,Bobsleigh,Bobsleigh,"HOPPE, Wolfgang",GDR,Men,Two-Man,Silver
1988,Calgary,Bobsleigh,Bobsleigh,"MUSIOL, Bogdan",GDR,Men,Two-Man,Silver
1988,Calgary,Ice Hockey,Ice Hockey,"AASLIN, Peter",SWE,Men,Ice Hockey,Bronze
1988,Calgary,Ice Hockey,Ice Hockey,"ANDERSSON, Mikael",SWE,Men,Ice Hockey,Bronze
1988,Calgary,Ice Hockey,Ice Hockey,"ANDERSSON, Peter I",SWE,Men,Ice Hockey,Bronze
1988,Calgary,Ice Hockey,Ice Hockey,"BERGKVIST, Jonas",SWE,Men,Ice Hockey,Bronze
1988,Calgary,Ice Hockey,Ice Hockey,"BERGLUND, Bo",SWE,Men,Ice Hockey,Bronze
1988,Calgary,Ice Hockey,Ice Hockey,"EKLUND, Thomas",SWE,Men,Ice Hockey,Bronze
1988,Calgary,Ice Hockey,Ice Hockey,"ELDEBRINK, Anders",SWE,Men,Ice Hockey,Bronze
1988,Calgary,Ice Hockey,Ice Hockey,"ERIKSSON, Peter",SWE,Men,Ice Hockey,Bronze
1988,Calgary,Ice Hockey,Ice Hockey,"ERIKSSON, Thomas",SWE,Men,Ice Hockey,Bronze
1988,Calgary,Ice Hockey,Ice Hockey,"HJÃ„LM, Peter Michael",SWE,Men,Ice Hockey,Bronze
1988,Calgary,Ice Hockey,Ice Hockey,"IVARSSON, Lars",SWE,Men,Ice Hockey,Bronze
1988,Calgary,Ice Hockey,Ice Hockey,"JOHANSSON, Mikael",SWE,Men,Ice Hockey,Bronze
1988,Calgary,Ice Hockey,Ice Hockey,"KARLSSON, Lars",SWE,Men,Ice Hockey,Bronze
1988,Calgary,Ice Hockey,Ice Hockey,"KIHLSTRÃ–M, Mats",SWE,Men,Ice Hockey,Bronze
1988,Calgary,Ice Hockey,Ice Hockey,"LINDMARK, Peter",SWE,Men,Ice Hockey,Bronze
1988,Calgary,Ice Hockey,Ice Hockey,"MOLIN, Lars",SWE,Men,Ice Hockey,Bronze
1988,Calgary,Ice Hockey,Ice Hockey,"Ã–HLING, Jens",SWE,Men,Ice Hockey,Bronze
1988,Calgary,Ice Hockey,Ice Hockey,"PETTERSSON, Lars-Gunnar",SWE,Men,Ice Hockey,Bronze
1988,Calgary,Ice Hockey,Ice Hockey,"RUNDQVIST, Thomas",SWE,Men,Ice Hockey,Bronze
1988,Calgary,Ice Hockey,Ice Hockey,"SAMUELSSON, Tommy",SWE,Men,Ice Hockey,Bronze
1988,Calgary,Ice Hockey,Ice Hockey,"SANDSTRÃ–M, Ulf",SWE,Men,Ice Hockey,Bronze
1988,Calgary,Ice Hockey,Ice Hockey,"SÃ–DERGREN, Karl Haakan",SWE,Men,Ice Hockey,Bronze
1988,Calgary,Ice Hockey,Ice Hockey,"BIAKIN, Ilja",URS,Men,Ice Hockey,Gold
1988,Calgary,Ice Hockey,Ice Hockey,"BYKOV, Viacheslav",URS,Men,Ice Hockey,Gold
1988,Calgary,Ice Hockey,Ice Hockey,"FETISOV, Viacheslav",URS,Men,Ice Hockey,Gold
1988,Calgary,Ice Hockey,Ice Hockey,"GOUSSAROV, Aleksei",URS,Men,Ice Hockey,Gold
1988,Calgary,Ice Hockey,Ice Hockey,"JASJIN, Sergei",URS,Men,Ice Hockey,Gold
1988,Calgary,Ice Hockey,Ice Hockey,"KAMENSKY, Valeri",URS,Men,Ice Hockey,Gold
1988,Calgary,Ice Hockey,Ice Hockey,"KASATONOV, Aleksei",URS,Men,Ice Hockey,Gold
1988,Calgary,Ice Hockey,Ice Hockey,"KOMUTOV, Andrei",URS,Men,Ice Hockey,Gold
1988,Calgary,Ice Hockey,Ice Hockey,"KOZHERNIKOV, Aleksandr",URS,Men,Ice Hockey,Gold
1988,Calgary,Ice Hockey,Ice Hockey,"KRAVCHUK, Igor",URS,Men,Ice Hockey,Gold
1988,Calgary,Ice Hockey,Ice Hockey,"KRUTOV, Vladimir",URS,Men,Ice Hockey,Gold
1988,Calgary,Ice Hockey,Ice Hockey,"LARIONOV, Igor",URS,Men,Ice Hockey,Gold
1988,Calgary,Ice Hockey,Ice Hockey,"LOMAKIN, Andrei",URS,Men,Ice Hockey,Gold
1988,Calgary,Ice Hockey,Ice Hockey,"MAKAROV, Sergei",URS,Men,Ice Hockey,Gold
1988,Calgary,Ice Hockey,Ice Hockey,"MOGILNY, Aleksandr",URS,Men,Ice Hockey,Gold
1988,Calgary,Ice Hockey,Ice Hockey,"MYLNIKOV, Sergei",URS,Men,Ice Hockey,Gold
1988,Calgary,Ice Hockey,Ice Hockey,"SAMOYLOV, Vitali",URS,Men,Ice Hockey,Gold
1988,Calgary,Ice Hockey,Ice Hockey,"SEMJONOV, Anatoli",URS,Men,Ice Hockey,Gold
1988,Calgary,Ice Hockey,Ice Hockey,"STARIKOV, Sergei",URS,Men,Ice Hockey,Gold
1988,Calgary,Ice Hockey,Ice Hockey,"STELNOV, Igor",URS,Men,Ice Hockey,Gold
1988,Calgary,Ice Hockey,Ice Hockey,"SVETLOV, Sergei",URS,Men,Ice Hockey,Gold
1988,Calgary,Ice Hockey,Ice Hockey,"TCHERNICH, Aleksandr",URS,Men,Ice Hockey,Gold
1988,Calgary,Ice Hockey,Ice Hockey,"BLOMQVIST, Timo",FIN,Men,Ice Hockey,Silver
1988,Calgary,Ice Hockey,Ice Hockey,"ELORANTA, Kari",FIN,Men,Ice Hockey,Silver
1988,Calgary,Ice Hockey,Ice Hockey,"HELMINEN, Raimo",FIN,Men,Ice Hockey,Silver
1988,Calgary,Ice Hockey,Ice Hockey,"JÃ„RVI, Jiro",FIN,Men,Ice Hockey,Silver
1988,Calgary,Ice Hockey,Ice Hockey,"KESKINEN, Esa",FIN,Men,Ice Hockey,Silver
1988,Calgary,Ice Hockey,Ice Hockey,"LAINE, Erkki",FIN,Men,Ice Hockey,Silver
1988,Calgary,Ice Hockey,Ice Hockey,"LAITINEN, Kari",FIN,Men,Ice Hockey,Silver
1988,Calgary,Ice Hockey,Ice Hockey,"LEHTONEN, Erkki",FIN,Men,Ice Hockey,Silver
1988,Calgary,Ice Hockey,Ice Hockey,"LUMME, Jyrki",FIN,Men,Ice Hockey,Silver
1988,Calgary,Ice Hockey,Ice Hockey,"MIKKOLAINEN, Reijo",FIN,Men,Ice Hockey,Silver
1988,Calgary,Ice Hockey,Ice Hockey,"MYLLYS, Jarmo",FIN,Men,Ice Hockey,Silver
1988,Calgary,Ice Hockey,Ice Hockey,"NUMMINEN, Teppo",FIN,Men,Ice Hockey,Silver
1988,Calgary,Ice Hockey,Ice Hockey,"OJANEN, Janne",FIN,Men,Ice Hockey,Silver
1988,Calgary,Ice Hockey,Ice Hockey,"RUOTANEN, Arto",FIN,Men,Ice Hockey,Silver
1988,Calgary,Ice Hockey,Ice Hockey,"RUOTSALAINEN, Reijo",FIN,Men,Ice Hockey,Silver
1988,Calgary,Ice Hockey,Ice Hockey,"SAARINEN, Timo",FIN,Men,Ice Hockey,Silver
1988,Calgary,Ice Hockey,Ice Hockey,"SMIKKANEN, Kari",FIN,Men,Ice Hockey,Silver
1988,Calgary,Ice Hockey,Ice Hockey,"SUSI, Timo",FIN,Men,Ice Hockey,Silver
1988,Calgary,Ice Hockey,Ice Hockey,"TAMMI, Jukka",FIN,Men,Ice Hockey,Silver
1988,Calgary,Ice Hockey,Ice Hockey,"TORKKI, Jari",FIN,Men,Ice Hockey,Silver
1988,Calgary,Ice Hockey,Ice Hockey,"TUOMISTO, Pekka",FIN,Men,Ice Hockey,Silver
1988,Calgary,Ice Hockey,Ice Hockey,"VIRTANEN, Jukka",FIN,Men,Ice Hockey,Silver
1988,Calgary,Luge,Luge,"SCHWAB, Thomas",FRG,Men,Doubles,Bronze
1988,Calgary,Luge,Luge,"STAUDINGER, Wolfgang",FRG,Men,Doubles,Bronze
1988,Calgary,Luge,Luge,"HOFFMANN, JÃ¶rg",GDR,Men,Doubles,Gold
1988,Calgary,Luge,Luge,"PIETZSCH, Jochen",GDR,Men,Doubles,Gold
1988,Calgary,Luge,Luge,"BEHRENDT, Jan",GDR,Men,Doubles,Silver
1988,Calgary,Luge,Luge,"KRAUSSE, Stefan",GDR,Men,Doubles,Silver
1988,Calgary,Luge,Luge,"KHARCHENKO, Yury",URS,Men,Singles,Bronze
1988,Calgary,Luge,Luge,"MUELLER, Jens",GDR,Men,Singles,Gold
1988,Calgary,Luge,Luge,"HACKL, Georg",FRG,Men,Singles,Silver
1988,Calgary,Luge,Luge,"SCHMIDT, Cerstin",GDR,Women,Singles,Bronze
1988,Calgary,Luge,Luge,"WALTER, Steffi",GDR,Women,Singles,Gold
1988,Calgary,Luge,Luge,"OBERHOFFNER, Ute",GDR,Women,Singles,Silver
1988,Calgary,Skating,Figure skating,"MCCALL, Robert",CAN,Men,Ice Dancing,Bronze
1988,Calgary,Skating,Figure skating,"WILSON, Tracy",CAN,Women,Ice Dancing,Bronze
1988,Calgary,Skating,Figure skating,"BESTEMYANOVA, Natalya",URS,Women,Ice Dancing,Gold
1988,Calgary,Skating,Figure skating,"BUKIN, Andrey",URS,Men,Ice Dancing,Gold
1988,Calgary,Skating,Figure skating,"KLIMOVA, Marina",URS,Women,Ice Dancing,Silver
1988,Calgary,Skating,Figure skating,"PONOMARENKO, Sergey",URS,Men,Ice Dancing,Silver
1988,Calgary,Skating,Figure skating,"PETRENKO, Viktor",URS,Men,Individual,Bronze
1988,Calgary,Skating,Figure skating,"BOITANO, Brian",USA,Men,Individual,Gold
1988,Calgary,Skating,Figure skating,"ORSER, Brian",CAN,Men,Individual,Silver
1988,Calgary,Skating,Figure skating,"THOMAS, Debra",USA,Women,Individual,Bronze
1988,Calgary,Skating,Figure skating,"WITT, Katarina",GDR,Women,Individual,Gold
1988,Calgary,Skating,Figure skating,"MANLEY, Elizabeth",CAN,Women,Individual,Silver
1988,Calgary,Skating,Figure skating,"OPPEGARD, Peter",USA,Men,Pairs,Bronze
1988,Calgary,Skating,Figure skating,"WATSON, Jill",USA,Women,Pairs,Bronze
1988,Calgary,Skating,Figure skating,"GORDEYEVA, Yekaterina",URS,Women,Pairs,Gold
1988,Calgary,Skating,Figure skating,"GRINKOV, Sergey",URS,Men,Pairs,Gold
1988,Calgary,Skating,Figure skating,"VALOVA, Yelena",URS,Women,Pairs,Silver
1988,Calgary,Skating,Figure skating,"VASILYEV, Oleg",URS,Men,Pairs,Silver
1988,Calgary,Skating,Speed skating,"VISSER, Leo",NED,Men,10000M,Bronze
1988,Calgary,Skating,Speed skating,"GUSTAFSON, Tomas",SWE,Men,10000M,Gold
1988,Calgary,Skating,Speed skating,"HADSCHIEFF, Michael",AUT,Men,10000M,Silver
1988,Calgary,Skating,Speed skating,"ZHELEZOVSKY, Igor",URS,Men,1000M,Bronze
1988,Calgary,Skating,Speed skating,"GULYAEV, Nikolay",URS,Men,1000M,Gold
1988,Calgary,Skating,Speed skating,"MEY, Uwe-Jens",GDR,Men,1000M,Silver
1988,Calgary,Skating,Speed skating,"BLAIR, Bonnie",USA,Women,1000M,Bronze
1988,Calgary,Skating,Speed skating,"LUDING, Christa",GDR,Women,1000M,Gold
1988,Calgary,Skating,Speed skating,"KANIA, Karin",GDR,Women,1000M,Silver
1988,Calgary,Skating,Speed skating,"HADSCHIEFF, Michael",AUT,Men,1500M,Bronze
1988,Calgary,Skating,Speed skating,"HOFFMANN, Andre",GDR,Men,1500M,Gold
1988,Calgary,Skating,Speed skating,"FLAIM, Eric",USA,Men,1500M,Silver
1988,Calgary,Skating,Speed skating,"EHRIG, Andrea",GDR,Women,1500M,Bronze
1988,Calgary,Skating,Speed skating,"VAN GENNIP, Yvonne",NED,Women,1500M,Gold
1988,Calgary,Skating,Speed skating,"KANIA, Karin",GDR,Women,1500M,Silver
1988,Calgary,Skating,Speed skating,"ZANGE, Gabi",GDR,Women,3000M,Bronze
1988,Calgary,Skating,Speed skating,"VAN GENNIP, Yvonne",NED,Women,3000M,Gold
1988,Calgary,Skating,Speed skating,"EHRIG, Andrea",GDR,Women,3000M,Silver
1988,Calgary,Skating,Speed skating,"KEMKERS, Gerard",NED,Men,5000M,Bronze
1988,Calgary,Skating,Speed skating,"GUSTAFSON, Tomas",SWE,Men,5000M,Gold
1988,Calgary,Skating,Speed skating,"VISSER, Leo",NED,Men,5000M,Silver
1988,Calgary,Skating,Speed skating,"ZANGE, Gabi",GDR,Women,5000M,Bronze
1988,Calgary,Skating,Speed skating,"VAN GENNIP, Yvonne",NED,Women,5000M,Gold
1988,Calgary,Skating,Speed skating,"EHRIG, Andrea",GDR,Women,5000M,Silver
1988,Calgary,Skating,Speed skating,"KUROIWA, Akira",JPN,Men,500M,Bronze
1988,Calgary,Skating,Speed skating,"MEY, Uwe-Jens",GDR,Men,500M,Gold
1988,Calgary,Skating,Speed skating,"YKEMA, Jan",NED,Men,500M,Silver
1988,Calgary,Skating,Speed skating,"KANIA, Karin",GDR,Women,500M,Bronze
1988,Calgary,Skating,Speed skating,"BLAIR, Bonnie",USA,Women,500M,Gold
1988,Calgary,Skating,Speed skating,"LUDING, Christa",GDR,Women,500M,Silver
1988,Calgary,Skiing,Alpine Skiing,"ACCOLA, Paul",SUI,Men,Alpine Combined,Bronze
1988,Calgary,Skiing,Alpine Skiing,"STROLZ, Hubert",AUT,Men,Alpine Combined,Gold
1988,Calgary,Skiing,Alpine Skiing,"GSTREIN, Bernhard",AUT,Men,Alpine Combined,Silver
1988,Calgary,Skiing,Alpine Skiing,"WALLISER, Maria",SUI,Women,Alpine Combined,Bronze
1988,Calgary,Skiing,Alpine Skiing,"WACHTER, Anita",AUT,Women,Alpine Combined,Gold
1988,Calgary,Skiing,Alpine Skiing,"OERTLI, Brigitte",SUI,Women,Alpine Combined,Silver
1988,Calgary,Skiing,Alpine Skiing,"PICCARD, Franck",FRA,Men,Downhill,Bronze
1988,Calgary,Skiing,Alpine Skiing,"ZURBRIGGEN, Pirmin",SUI,Men,Downhill,Gold
1988,Calgary,Skiing,Alpine Skiing,"MÃœLLER, Peter",SUI,Men,Downhill,Silver
1988,Calgary,Skiing,Alpine Skiing,"PERCY, Karen",CAN,Women,Downhill,Bronze
1988,Calgary,Skiing,Alpine Skiing,"KIEHL, Marina",FRG,Women,Downhill,Gold
1988,Calgary,Skiing,Alpine Skiing,"OERTLI, Brigitte",SUI,Women,Downhill,Silver
1988,Calgary,Skiing,Alpine Skiing,"ZURBRIGGEN, Pirmin",SUI,Men,Giant Slalom,Bronze
1988,Calgary,Skiing,Alpine Skiing,"TOMBA, Alberto",ITA,Men,Giant Slalom,Gold
1988,Calgary,Skiing,Alpine Skiing,"STROLZ, Hubert",AUT,Men,Giant Slalom,Silver
1988,Calgary,Skiing,Alpine Skiing,"WALLISER, Maria",SUI,Women,Giant Slalom,Bronze
1988,Calgary,Skiing,Alpine Skiing,"SCHNEIDER, Vreni",SUI,Women,Giant Slalom,Gold
1988,Calgary,Skiing,Alpine Skiing,"KINSHOFER GUETHLEIN, Christa",FRG,Women,Giant Slalom,Silver
1988,Calgary,Skiing,Alpine Skiing,"FROMMELT, Paul",LIE,Men,Slalom,Bronze
1988,Calgary,Skiing,Alpine Skiing,"TOMBA, Alberto",ITA,Men,Slalom,Gold
1988,Calgary,Skiing,Alpine Skiing,"WÃ–RNDL, Frank",FRG,Men,Slalom,Silver
1988,Calgary,Skiing,Alpine Skiing,"KINSHOFER GUETHLEIN, Christa",FRG,Women,Slalom,Bronze
1988,Calgary,Skiing,Alpine Skiing,"SCHNEIDER, Vreni",SUI,Women,Slalom,Gold
1988,Calgary,Skiing,Alpine Skiing,"SVET, Mateja",YUG,Women,Slalom,Silver
1988,Calgary,Skiing,Alpine Skiing,"ERIKSSON, Lars-BÃ¶rje",SWE,Men,Super-G,Bronze
1988,Calgary,Skiing,Alpine Skiing,"PICCARD, Franck",FRA,Men,Super-G,Gold
1988,Calgary,Skiing,Alpine Skiing,"MAYER, Helmut",AUT,Men,Super-G,Silver
1988,Calgary,Skiing,Alpine Skiing,"PERCY, Karen",CAN,Women,Super-G,Bronze
1988,Calgary,Skiing,Alpine Skiing,"WOLF, Sigrid",AUT,Women,Super-G,Gold
1988,Calgary,Skiing,Alpine Skiing,"FIGINI, Michela",SUI,Women,Super-G,Silver
1988,Calgary,Skiing,Cross Country Skiing,"MATIKAINEN, Marjo",FIN,Women,10KM,Bronze
1988,Calgary,Skiing,Cross Country Skiing,"VENCIENE, Vida",URS,Women,10KM,Gold
1988,Calgary,Skiing,Cross Country Skiing,"SMETANINA, Raisa",URS,Women,10KM,Silver
1988,Calgary,Skiing,Cross Country Skiing,"SMIRNOV, Vladimir",URS,Men,15KM,Bronze
1988,Calgary,Skiing,Cross Country Skiing,"DEVYATYAROV, Mikhail",URS,Men,15KM,Gold
1988,Calgary,Skiing,Cross Country Skiing,"MIKKELSPLASS, Paal Gunnar",NOR,Men,15KM,Silver
1988,Calgary,Skiing,Cross Country Skiing,"SMETANINA, Raisa",URS,Women,20KM,Bronze
1988,Calgary,Skiing,Cross Country Skiing,"TIKHONOVA, Tamara",URS,Women,20KM,Gold
1988,Calgary,Skiing,Cross Country Skiing,"REZTSOVA, Anfisa",URS,Women,20KM,Silver
1988,Calgary,Skiing,Cross Country Skiing,"ULVANG, Vegard",NOR,Men,30KM Mass Start,Bronze
1988,Calgary,Skiing,Cross Country Skiing,"PROKOUROROV, Alexei",URS,Men,30KM Mass Start,Gold
1988,Calgary,Skiing,Cross Country Skiing,"SMIRNOV, Vladimir",URS,Men,30KM Mass Start,Silver
1988,Calgary,Skiing,Cross Country Skiing,"BENC, Pavel",TCH,Men,4X10KM Relay,Bronze
1988,Calgary,Skiing,Cross Country Skiing,"KORUNKA, Vaclav",TCH,Men,4X10KM Relay,Bronze
1988,Calgary,Skiing,Cross Country Skiing,"NYC, Radim",TCH,Men,4X10KM Relay,Bronze
1988,Calgary,Skiing,Cross Country Skiing,"SVANDA, Ladislav",TCH,Men,4X10KM Relay,Bronze
1988,Calgary,Skiing,Cross Country Skiing,"MOGREN, Torgny",SWE,Men,4X10KM Relay,Gold
1988,Calgary,Skiing,Cross Country Skiing,"OTTOSSON, Jan",SWE,Men,4X10KM Relay,Gold
1988,Calgary,Skiing,Cross Country Skiing,"SVAN, Gunde Anders",SWE,Men,4X10KM Relay,Gold
1988,Calgary,Skiing,Cross Country Skiing,"WASSBERG, Thomas",SWE,Men,4X10KM Relay,Gold
1988,Calgary,Skiing,Cross Country Skiing,"DEVYATYAROV, Mikhail",URS,Men,4X10KM Relay,Silver
1988,Calgary,Skiing,Cross Country Skiing,"PROKOUROROV, Alexei",URS,Men,4X10KM Relay,Silver
1988,Calgary,Skiing,Cross Country Skiing,"SAKHNOV, Vladimir",URS,Men,4X10KM Relay,Silver
1988,Calgary,Skiing,Cross Country Skiing,"SMIRNOV, Vladimir",URS,Men,4X10KM Relay,Silver
1988,Calgary,Skiing,Cross Country Skiing,"KIRVESNIEMI, Marja-Liisa",FIN,Women,4X5KM Relay,Bronze
1988,Calgary,Skiing,Cross Country Skiing,"MÃ„Ã„TTÃ„, Pirkko",FIN,Women,4X5KM Relay,Bronze
1988,Calgary,Skiing,Cross Country Skiing,"MATIKAINEN, Marjo",FIN,Women,4X5KM Relay,Bronze
1988,Calgary,Skiing,Cross Country Skiing,"SAVOLAINEN, Jaana",FIN,Women,4X5KM Relay,Bronze
1988,Calgary,Skiing,Cross Country Skiing,"GAVRILJUK, Nina",URS,Women,4X5KM Relay,Gold
1988,Calgary,Skiing,Cross Country Skiing,"NAGEIKINA, Svetlana",URS,Women,4X5KM Relay,Gold
1988,Calgary,Skiing,Cross Country Skiing,"REZTSOVA, Anfisa",URS,Women,4X5KM Relay,Gold
1988,Calgary,Skiing,Cross Country Skiing,"TIKHONOVA, Tamara",URS,Women,4X5KM Relay,Gold
1988,Calgary,Skiing,Cross Country Skiing,"DAHLMO, Marianne",NOR,Women,4X5KM Relay,Silver
1988,Calgary,Skiing,Cross Country Skiing,"DYBENDAHL HARTZ, Trude",NOR,Women,4X5KM Relay,Silver
1988,Calgary,Skiing,Cross Country Skiing,"JAHREN, Anne",NOR,Women,4X5KM Relay,Silver
1988,Calgary,Skiing,Cross Country Skiing,"MIKKELSPLASS, Marit",NOR,Women,4X5KM Relay,Silver
1988,Calgary,Skiing,Cross Country Skiing,"GRÃœNENFELDER, Andi",SUI,Men,50KM,Bronze
1988,Calgary,Skiing,Cross Country Skiing,"SVAN, Gunde Anders",SWE,Men,50KM,Gold
1988,Calgary,Skiing,Cross Country Skiing,"DE ZOLT, Maurilio",ITA,Men,50KM,Silver
1988,Calgary,Skiing,Cross Country Skiing,"VENCIENE, Vida",URS,Women,5KM,Bronze
1988,Calgary,Skiing,Cross Country Skiing,"MATIKAINEN, Marjo",FIN,Women,5KM,Gold
1988,Calgary,Skiing,Cross Country Skiing,"TIKHONOVA, Tamara",URS,Women,5KM,Silver
1988,Calgary,Skiing,Nordic Combined,"LEVANDI, Allar",URS,Men,Individual,Bronze
1988,Calgary,Skiing,Nordic Combined,"KEMPF, Hippolyt",SUI,Men,Individual,Gold
1988,Calgary,Skiing,Nordic Combined,"SULZENBACHER, Klaus",AUT,Men,Individual,Silver
1988,Calgary,Skiing,Nordic Combined,"ASCHENWALD, HansjÃ¶rg",AUT,Men,Team,Bronze
1988,Calgary,Skiing,Nordic Combined,"CSAR, GÃ_nther",AUT,Men,Team,Bronze
1988,Calgary,Skiing,Nordic Combined,"SULZENBACHER, Klaus",AUT,Men,Team,Bronze
1988,Calgary,Skiing,Nordic Combined,"MÃœLLER, Thomas",FRG,Men,Team,Gold
1988,Calgary,Skiing,Nordic Combined,"POHL, Hans-Peter",FRG,Men,Team,Gold
1988,Calgary,Skiing,Nordic Combined,"SCHWARZ, Hubert",FRG,Men,Team,Gold
1988,Calgary,Skiing,Nordic Combined,"GLANZMANN, Fredy",SUI,Men,Team,Silver
1988,Calgary,Skiing,Nordic Combined,"KEMPF, Hippolyt",SUI,Men,Team,Silver
1988,Calgary,Skiing,Nordic Combined,"SCHAAD, Andreas",SUI,Men,Team,Silver
1988,Calgary,Skiing,Ski Jumping,"DEBELAK, Matjaz",YUG,Men,K120 Individual (90M),Bronze
1988,Calgary,Skiing,Ski Jumping,"NYKANEN, Matti",FIN,Men,K120 Individual (90M),Gold
1988,Calgary,Skiing,Ski Jumping,"JOHNSEN, Erik",NOR,Men,K120 Individual (90M),Silver
1988,Calgary,Skiing,Ski Jumping,"EIDHAMMER, Ole C.",NOR,Men,K120 Team (90M),Bronze
1988,Calgary,Skiing,Ski Jumping,"FIDJESTÃ–L, Ole Gunnar",NOR,Men,K120 Team (90M),Bronze
1988,Calgary,Skiing,Ski Jumping,"JOHNSEN, Erik",NOR,Men,K120 Team (90M),Bronze
1988,Calgary,Skiing,Ski Jumping,"KJÃ–RUM, Jon",NOR,Men,K120 Team (90M),Bronze
1988,Calgary,Skiing,Ski Jumping,"NIKKOLA, Ari-Pekka",FIN,Men,K120 Team (90M),Gold
1988,Calgary,Skiing,Ski Jumping,"NYKANEN, Matti",FIN,Men,K120 Team (90M),Gold
1988,Calgary,Skiing,Ski Jumping,"PUIKKONEN, Jari",FIN,Men,K120 Team (90M),Gold
1988,Calgary,Skiing,Ski Jumping,"YLLIPULLI, Tuomo",FIN,Men,K120 Team (90M),Gold
1988,Calgary,Skiing,Ski Jumping,"DEBELAK, Matjaz",YUG,Men,K120 Team (90M),Silver
1988,Calgary,Skiing,Ski Jumping,"TEPES, Miran",YUG,Men,K120 Team (90M),Silver
1988,Calgary,Skiing,Ski Jumping,"ULAGA, Primoz",YUG,Men,K120 Team (90M),Silver
1988,Calgary,Skiing,Ski Jumping,"ZUPAN, Matjaz",YUG,Men,K120 Team (90M),Silver
1988,Calgary,Skiing,Ski Jumping,"MALEC, Jiri",TCH,Men,K90 Individual (70M),Bronze
1988,Calgary,Skiing,Ski Jumping,"NYKANEN, Matti",FIN,Men,K90 Individual (70M),Gold
1988,Calgary,Skiing,Ski Jumping,"PLOC, Pavel",TCH,Men,K90 Individual (70M),Silver
1992,Albertville,Biathlon,Biathlon,"ELORANTA, Harri",FIN,Men,10KM,Bronze
1992,Albertville,Biathlon,Biathlon,"KIRCHNER, Mark",GER,Men,10KM,Gold
1992,Albertville,Biathlon,Biathlon,"GROSS, Ricco",GER,Men,10KM,Silver
1992,Albertville,Biathlon,Biathlon,"BEDARD, Myriam",CAN,Women,15KM,Bronze
1992,Albertville,Biathlon,Biathlon,"HARVEY, Antje",GER,Women,15KM,Gold
1992,Albertville,Biathlon,Biathlon,"PECHERSKAYA, Svetlana",EUN,Women,15KM,Silver
1992,Albertville,Biathlon,Biathlon,"LÃ–FGREN, Mikael",SWE,Men,20KM,Bronze
1992,Albertville,Biathlon,Biathlon,"REDKIN, Yevgeny",EUN,Men,20KM,Gold
1992,Albertville,Biathlon,Biathlon,"KIRCHNER, Mark",GER,Men,20KM,Silver
1992,Albertville,Biathlon,Biathlon,"BELOVA, Yelena",EUN,Women,4X7.5KM Relay,Bronze
1992,Albertville,Biathlon,Biathlon,"MELNIKOVA, Elena",EUN,Women,4X7.5KM Relay,Bronze
1992,Albertville,Biathlon,Biathlon,"REZTSOVA, Anfisa",EUN,Women,4X7.5KM Relay,Bronze
1992,Albertville,Biathlon,Biathlon,"BRIAND BOUTHIAUX, Anne",FRA,Women,4X7.5KM Relay,Gold
1992,Albertville,Biathlon,Biathlon,"CLAUDEL, VÃ©ronique",FRA,Women,4X7.5KM Relay,Gold
1992,Albertville,Biathlon,Biathlon,"NIOGRET, Corinne",FRA,Women,4X7.5KM Relay,Gold
1992,Albertville,Biathlon,Biathlon,"DISL, Uschi",GER,Women,4X7.5KM Relay,Silver
1992,Albertville,Biathlon,Biathlon,"HARVEY, Antje",GER,Women,4X7.5KM Relay,Silver
1992,Albertville,Biathlon,Biathlon,"SCHAAF, Petra",GER,Women,4X7.5KM Relay,Silver
1992,Albertville,Biathlon,Biathlon,"ANDERSSON, Leif",SWE,Men,4X7.5KM Relay,Bronze
1992,Albertville,Biathlon,Biathlon,"JOHANSSON, Ulf",SWE,Men,4X7.5KM Relay,Bronze
1992,Albertville,Biathlon,Biathlon,"LÃ–FGREN, Mikael",SWE,Men,4X7.5KM Relay,Bronze
1992,Albertville,Biathlon,Biathlon,"WIKSTEN, Tord",SWE,Men,4X7.5KM Relay,Bronze
1992,Albertville,Biathlon,Biathlon,"FISCHER, Fritz",GER,Men,4X7.5KM Relay,Gold
1992,Albertville,Biathlon,Biathlon,"GROSS, Ricco",GER,Men,4X7.5KM Relay,Gold
1992,Albertville,Biathlon,Biathlon,"KIRCHNER, Mark",GER,Men,4X7.5KM Relay,Gold
1992,Albertville,Biathlon,Biathlon,"STEINIGEN, Jens",GER,Men,4X7.5KM Relay,Gold
1992,Albertville,Biathlon,Biathlon,"KIRIENKO, Valeri",EUN,Men,4X7.5KM Relay,Silver
1992,Albertville,Biathlon,Biathlon,"MEDVEDTSEV, Valery",EUN,Men,4X7.5KM Relay,Silver
1992,Albertville,Biathlon,Biathlon,"POPOV, Aleksandr",EUN,Men,4X7.5KM Relay,Silver
1992,Albertville,Biathlon,Biathlon,"TCHEPIKOV, Sergei",EUN,Men,4X7.5KM Relay,Silver
1992,Albertville,Biathlon,Biathlon,"BELOVA, Yelena",EUN,Women,7.5KM,Bronze
1992,Albertville,Biathlon,Biathlon,"REZTSOVA, Anfisa",EUN,Women,7.5KM,Gold
1992,Albertville,Biathlon,Biathlon,"HARVEY, Antje",GER,Women,7.5KM,Silver
1992,Albertville,Bobsleigh,Bobsleigh,"ACKLIN, Donat",SUI,Men,Four-Man,Bronze
1992,Albertville,Bobsleigh,Bobsleigh,"MORELL, Curdin",SUI,Men,Four-Man,Bronze
1992,Albertville,Bobsleigh,Bobsleigh,"SCHINDELHOLZ, Lorenz",SUI,Men,Four-Man,Bronze
1992,Albertville,Bobsleigh,Bobsleigh,"WEDER, Gustav",SUI,Men,Four-Man,Bronze
1992,Albertville,Bobsleigh,Bobsleigh,"APPELT, Ingo",AUT,Men,Four-Man,Gold
1992,Albertville,Bobsleigh,Bobsleigh,"HAIDACHER, Gerhard",AUT,Men,Four-Man,Gold
1992,Albertville,Bobsleigh,Bobsleigh,"SCHROLL, Thomas",AUT,Men,Four-Man,Gold
1992,Albertville,Bobsleigh,Bobsleigh,"WINKLER, Harald",AUT,Men,Four-Man,Gold
1992,Albertville,Bobsleigh,Bobsleigh,"HANNEMANN, Rene",GER,Men,Four-Man,Silver
1992,Albertville,Bobsleigh,Bobsleigh,"HOPPE, Wolfgang",GER,Men,Four-Man,Silver
1992,Albertville,Bobsleigh,Bobsleigh,"KÃœHN, Axel",GER,Men,Four-Man,Silver
1992,Albertville,Bobsleigh,Bobsleigh,"MUSIOL, Bogdan",GER,Men,Four-Man,Silver
1992,Albertville,Bobsleigh,Bobsleigh,"EGER, GÃ_nther",GER,Men,Two-Man,Bronze
1992,Albertville,Bobsleigh,Bobsleigh,"LANGEN, Christoph",GER,Men,Two-Man,Bronze
1992,Albertville,Bobsleigh,Bobsleigh,"ACKLIN, Donat",SUI,Men,Two-Man,Gold
1992,Albertville,Bobsleigh,Bobsleigh,"WEDER, Gustav",SUI,Men,Two-Man,Gold
1992,Albertville,Bobsleigh,Bobsleigh,"LOCHNER, Rudolf",GER,Men,Two-Man,Silver
1992,Albertville,Bobsleigh,Bobsleigh,"ZIMMERMANN, Markus",GER,Men,Two-Man,Silver
1992,Albertville,Ice Hockey,Ice Hockey,"AUGUSTA, Patrick",TCH,Men,Ice Hockey,Bronze
1992,Albertville,Ice Hockey,Ice Hockey,"BRIZA, Petr",TCH,Men,Ice Hockey,Bronze
1992,Albertville,Ice Hockey,Ice Hockey,"DRAGAN, Jaromir",TCH,Men,Ice Hockey,Bronze
1992,Albertville,Ice Hockey,Ice Hockey,"GUDAS, Leo",TCH,Men,Ice Hockey,Bronze
1992,Albertville,Ice Hockey,Ice Hockey,"HORAVA, Miloslav",TCH,Men,Ice Hockey,Bronze
1992,Albertville,Ice Hockey,Ice Hockey,"HRBEK, Petr",TCH,Men,Ice Hockey,Bronze
1992,Albertville,Ice Hockey,Ice Hockey,"JANECKY, Otakar",TCH,Men,Ice Hockey,Bronze
1992,Albertville,Ice Hockey,Ice Hockey,"JELINEK, Thomas",TCH,Men,Ice Hockey,Bronze
1992,Albertville,Ice Hockey,Ice Hockey,"KADLEC, Drahomir",TCH,Men,Ice Hockey,Bronze
1992,Albertville,Ice Hockey,Ice Hockey,"KASTAK, Kamil",TCH,Men,Ice Hockey,Bronze
1992,Albertville,Ice Hockey,Ice Hockey,"LANG, Robert",TCH,Men,Ice Hockey,Bronze
1992,Albertville,Ice Hockey,Ice Hockey,"LIBA, Igor",TCH,Men,Ice Hockey,Bronze
1992,Albertville,Ice Hockey,Ice Hockey,"LUBINA, Ladislav",TCH,Men,Ice Hockey,Bronze
1992,Albertville,Ice Hockey,Ice Hockey,"PROCHAZKA, Frantisek",TCH,Men,Ice Hockey,Bronze
1992,Albertville,Ice Hockey,Ice Hockey,"ROSOL, Petr",TCH,Men,Ice Hockey,Bronze
1992,Albertville,Ice Hockey,Ice Hockey,"SCERBAN, Bedrich",TCH,Men,Ice Hockey,Bronze
1992,Albertville,Ice Hockey,Ice Hockey,"SLEGR, Jiri",TCH,Men,Ice Hockey,Bronze
1992,Albertville,Ice Hockey,Ice Hockey,"SMEHLIK, Richard",TCH,Men,Ice Hockey,Bronze
1992,Albertville,Ice Hockey,Ice Hockey,"SVEHLA, Robert",TCH,Men,Ice Hockey,Bronze
1992,Albertville,Ice Hockey,Ice Hockey,"SVOBODA, Oldrich",TCH,Men,Ice Hockey,Bronze
1992,Albertville,Ice Hockey,Ice Hockey,"TOUPAL, Radek",TCH,Men,Ice Hockey,Bronze
1992,Albertville,Ice Hockey,Ice Hockey,"VESELOVSKY, Peter",TCH,Men,Ice Hockey,Bronze
1992,Albertville,Ice Hockey,Ice Hockey,"ZEMLICKA, Richard",TCH,Men,Ice Hockey,Bronze
1992,Albertville,Ice Hockey,Ice Hockey,"BAOUTINE, Sergei",EUN,Men,Ice Hockey,Gold
1992,Albertville,Ice Hockey,Ice Hockey,"BOLDINE, Igor",EUN,Men,Ice Hockey,Gold
1992,Albertville,Ice Hockey,Ice Hockey,"BORSTCHEVSKI, Nicolai",EUN,Men,Ice Hockey,Gold
1992,Albertville,Ice Hockey,Ice Hockey,"BUTSAIEV, Viacheslav",EUN,Men,Ice Hockey,Gold
1992,Albertville,Ice Hockey,Ice Hockey,"BYKOV, Viacheslav",EUN,Men,Ice Hockey,Gold
1992,Albertville,Ice Hockey,Ice Hockey,"DAVIDOV, Evgeni",EUN,Men,Ice Hockey,Gold
1992,Albertville,Ice Hockey,Ice Hockey,"JITNIK, Aleksei",EUN,Men,Ice Hockey,Gold
1992,Albertville,Ice Hockey,Ice Hockey,"KASPARAITIS, Darius",EUN,Men,Ice Hockey,Gold
1992,Albertville,Ice Hockey,Ice Hockey,"KHABIBULIN, Nikolai",EUN,Men,Ice Hockey,Gold
1992,Albertville,Ice Hockey,Ice Hockey,"KMILEV, Yuri",EUN,Men,Ice Hockey,Gold
1992,Albertville,Ice Hockey,Ice Hockey,"KOMUTOV, Andrei",EUN,Men,Ice Hockey,Gold
1992,Albertville,Ice Hockey,Ice Hockey,"KOVALENKO, Andrei",EUN,Men,Ice Hockey,Gold
1992,Albertville,Ice Hockey,Ice Hockey,"KOVALEV, Alexei",EUN,Men,Ice Hockey,Gold
1992,Albertville,Ice Hockey,Ice Hockey,"KRAVCHUK, Igor",EUN,Men,Ice Hockey,Gold
1992,Albertville,Ice Hockey,Ice Hockey,"MALAKOV, Vladimir",EUN,Men,Ice Hockey,Gold
1992,Albertville,Ice Hockey,Ice Hockey,"MIRONOV, Dmitri",EUN,Men,Ice Hockey,Gold
1992,Albertville,Ice Hockey,Ice Hockey,"PETRENKO, Sergei",EUN,Men,Ice Hockey,Gold
1992,Albertville,Ice Hockey,Ice Hockey,"PROKOROV, Vitali",EUN,Men,Ice Hockey,Gold
1992,Albertville,Ice Hockey,Ice Hockey,"SHTALENKOV, Mikhail",EUN,Men,Ice Hockey,Gold
1992,Albertville,Ice Hockey,Ice Hockey,"TREFILOV, Andrei",EUN,Men,Ice Hockey,Gold
1992,Albertville,Ice Hockey,Ice Hockey,"YUCHKEVICH, Dmitri",EUN,Men,Ice Hockey,Gold
1992,Albertville,Ice Hockey,Ice Hockey,"ZHAMNOV, Alexey",EUN,Men,Ice Hockey,Gold
1992,Albertville,Ice Hockey,Ice Hockey,"ZUBOV, Sergei",EUN,Men,Ice Hockey,Gold
1992,Albertville,Ice Hockey,Ice Hockey,"ARCHIBALD, David",CAN,Men,Ice Hockey,Silver
1992,Albertville,Ice Hockey,Ice Hockey,"BROST, Todd",CAN,Men,Ice Hockey,Silver
1992,Albertville,Ice Hockey,Ice Hockey,"BURKE, Sean",CAN,Men,Ice Hockey,Silver
1992,Albertville,Ice Hockey,Ice Hockey,"DAHL, Kevin",CAN,Men,Ice Hockey,Silver
1992,Albertville,Ice Hockey,Ice Hockey,"GILES, Curtis",CAN,Men,Ice Hockey,Silver
1992,Albertville,Ice Hockey,Ice Hockey,"HANNAN, David",CAN,Men,Ice Hockey,Silver
1992,Albertville,Ice Hockey,Ice Hockey,"HYNES, Gordon",CAN,Men,Ice Hockey,Silver
1992,Albertville,Ice Hockey,Ice Hockey,"JOSEPH, Fabian",CAN,Men,Ice Hockey,Silver
1992,Albertville,Ice Hockey,Ice Hockey,"JUNEAU, Joe",CAN,Men,Ice Hockey,Silver
1992,Albertville,Ice Hockey,Ice Hockey,"KIDD, Trevor",CAN,Men,Ice Hockey,Silver
1992,Albertville,Ice Hockey,Ice Hockey,"LEBEAU, Patrick",CAN,Men,Ice Hockey,Silver
1992,Albertville,Ice Hockey,Ice Hockey,"LINDBERG, Chris",CAN,Men,Ice Hockey,Silver
1992,Albertville,Ice Hockey,Ice Hockey,"LINDROS, Eric",CAN,Men,Ice Hockey,Silver
1992,Albertville,Ice Hockey,Ice Hockey,"MANDERVILLE, Kent",CAN,Men,Ice Hockey,Silver
1992,Albertville,Ice Hockey,Ice Hockey,"PLAVSIC, Adrian",CAN,Men,Ice Hockey,Silver
1992,Albertville,Ice Hockey,Ice Hockey,"RATUSHNY, Dan",CAN,Men,Ice Hockey,Silver
1992,Albertville,Ice Hockey,Ice Hockey,"SCHLEGEL, Bradley",CAN,Men,Ice Hockey,Silver
1992,Albertville,Ice Hockey,Ice Hockey,"SCHREIBER, Wallace",CAN,Men,Ice Hockey,Silver
1992,Albertville,Ice Hockey,Ice Hockey,"SMITH, Randy",CAN,Men,Ice Hockey,Silver
1992,Albertville,Ice Hockey,Ice Hockey,"ST.LAURENT, Sam",CAN,Men,Ice Hockey,Silver
1992,Albertville,Ice Hockey,Ice Hockey,"TIPPETT, David",CAN,Men,Ice Hockey,Silver
1992,Albertville,Ice Hockey,Ice Hockey,"TUTT, Brian",CAN,Men,Ice Hockey,Silver
1992,Albertville,Ice Hockey,Ice Hockey,"WOOLLEY, Jason",CAN,Men,Ice Hockey,Silver
1992,Albertville,Luge,Luge,"HUBER, Norbert",ITA,Men,Doubles,Bronze
1992,Albertville,Luge,Luge,"RAFFL, HansjÃ¶rg",ITA,Men,Doubles,Bronze
1992,Albertville,Luge,Luge,"BEHRENDT, Jan",GER,Men,Doubles,Gold
1992,Albertville,Luge,Luge,"KRAUSSE, Stefan",GER,Men,Doubles,Gold
1992,Albertville,Luge,Luge,"MANKEL, Yves",GER,Men,Doubles,Silver
1992,Albertville,Luge,Luge,"RUDOLPH, Thomas",GER,Men,Doubles,Silver
1992,Albertville,Luge,Luge,"SCHMIDT, Markus",AUT,Men,Singles,Bronze
1992,Albertville,Luge,Luge,"HACKL, Georg",GER,Men,Singles,Gold
1992,Albertville,Luge,Luge,"PROCK, Markus",AUT,Men,Singles,Silver
1992,Albertville,Luge,Luge,"ERDMANN, Susi-Lisa",GER,Women,Singles,Bronze
1992,Albertville,Luge,Luge,"NEUNER, Doris",AUT,Women,Singles,Gold
1992,Albertville,Luge,Luge,"NEUNER, Angelika",AUT,Women,Singles,Silver
1992,Albertville,Skating,Figure skating,"USOVA, Maya",EUN,Women,Ice Dancing,Bronze
1992,Albertville,Skating,Figure skating,"ZHULIN, Aleksandr",EUN,Men,Ice Dancing,Bronze
1992,Albertville,Skating,Figure skating,"KLIMOVA, Marina",EUN,Women,Ice Dancing,Gold
1992,Albertville,Skating,Figure skating,"PONOMARENKO, Sergey",EUN,Men,Ice Dancing,Gold
1992,Albertville,Skating,Figure skating,"DUCHESNAY, Paul",FRA,Men,Ice Dancing,Silver
1992,Albertville,Skating,Figure skating,"DUCHESNAY-DEAN, Isabelle",FRA,Women,Ice Dancing,Silver
1992,Albertville,Skating,Figure skating,"BARNA, Petr",TCH,Men,Individual,Bronze
1992,Albertville,Skating,Figure skating,"PETRENKO, Viktor",EUN,Men,Individual,Gold
1992,Albertville,Skating,Figure skating,"WYLIE, Paul",USA,Men,Individual,Silver
1992,Albertville,Skating,Figure skating,"KERRIGAN, Nancy",USA,Women,Individual,Bronze
1992,Albertville,Skating,Figure skating,"YAMAGUCHI, Kristi",USA,Women,Individual,Gold
1992,Albertville,Skating,Figure skating,"ITO, Midori",JPN,Women,Individual,Silver
1992,Albertville,Skating,Figure skating,"BRASSEUR, Isabelle",CAN,Women,Pairs,Bronze
1992,Albertville,Skating,Figure skating,"EISLER, Lloyd",CAN,Men,Pairs,Bronze
1992,Albertville,Skating,Figure skating,"DMITRIYEV, Artur",EUN,Men,Pairs,Gold
1992,Albertville,Skating,Figure skating,"MISHKUTYONOK, Natalya",EUN,Women,Pairs,Gold
1992,Albertville,Skating,Figure skating,"BECHKE, Yelena",EUN,Women,Pairs,Silver
1992,Albertville,Skating,Figure skating,"PETROV, Denis",EUN,Men,Pairs,Silver
1992,Albertville,Skating,Short Track Speed Skating,"LEE, Jun-Ho",KOR,Men,1000M,Bronze
1992,Albertville,Skating,Short Track Speed Skating,"KIM, Ki-Hoon",KOR,Men,1000M,Gold
1992,Albertville,Skating,Short Track Speed Skating,"BLACKBURN, FrÃ©dÃ©ric",CAN,Men,1000M,Silver
1992,Albertville,Skating,Short Track Speed Skating,"ALAGULOVA, Yulia",EUN,Women,3000M Relay,Bronze
1992,Albertville,Skating,Short Track Speed Skating,"ISSAKOVA, Natalia",EUN,Women,3000M Relay,Bronze
1992,Albertville,Skating,Short Track Speed Skating,"TROITSKAYA, Viktoria",EUN,Women,3000M Relay,Bronze
1992,Albertville,Skating,Short Track Speed Skating,"VLASOVA, Yulia",EUN,Women,3000M Relay,Bronze
1992,Albertville,Skating,Short Track Speed Skating,"CUTRONE, Angela",CAN,Women,3000M Relay,Gold
1992,Albertville,Skating,Short Track Speed Skating,"DAIGLE, Sylvie",CAN,Women,3000M Relay,Gold
1992,Albertville,Skating,Short Track Speed Skating,"LAMBERT, Nathalie",CAN,Women,3000M Relay,Gold
1992,Albertville,Skating,Short Track Speed Skating,"PERREAULT, Annie",CAN,Women,3000M Relay,Gold
1992,Albertville,Skating,Short Track Speed Skating,"DOHNAL, Darcie",USA,Women,3000M Relay,Silver
1992,Albertville,Skating,Short Track Speed Skating,"PETERSON, Amy",USA,Women,3000M Relay,Silver
1992,Albertville,Skating,Short Track Speed Skating,"TURNER, Cathy",USA,Women,3000M Relay,Silver
1992,Albertville,Skating,Short Track Speed Skating,"ZIEGELMEYER, Nikki",USA,Women,3000M Relay,Silver
1992,Albertville,Skating,Short Track Speed Skating,"AKASAKA, Yuichi",JPN,Men,5000M Relay,Bronze
1992,Albertville,Skating,Short Track Speed Skating,"ISHIHARA, Tatsuyoshi",JPN,Men,5000M Relay,Bronze
1992,Albertville,Skating,Short Track Speed Skating,"KAWAI, Toshinobu",JPN,Men,5000M Relay,Bronze
1992,Albertville,Skating,Short Track Speed Skating,"KAWASAKI, Tsutomu",JPN,Men,5000M Relay,Bronze
1992,Albertville,Skating,Short Track Speed Skating,"KIM, Ki-Hoon",KOR,Men,5000M Relay,Gold
1992,Albertville,Skating,Short Track Speed Skating,"LEE, Jun-Ho",KOR,Men,5000M Relay,Gold
1992,Albertville,Skating,Short Track Speed Skating,"MO, Ji-Soo",KOR,Men,5000M Relay,Gold
1992,Albertville,Skating,Short Track Speed Skating,"SONG, Jae-Kun",KOR,Men,5000M Relay,Gold
1992,Albertville,Skating,Short Track Speed Skating,"BLACKBURN, FrÃ©dÃ©ric",CAN,Men,5000M Relay,Silver
1992,Albertville,Skating,Short Track Speed Skating,"DAIGNAULT, Laurent",CAN,Men,5000M Relay,Silver
1992,Albertville,Skating,Short Track Speed Skating,"DAIGNAULT, Michel",CAN,Men,5000M Relay,Silver
1992,Albertville,Skating,Short Track Speed Skating,"GAGNON, Sylvain",CAN,Men,5000M Relay,Silver
1992,Albertville,Skating,Short Track Speed Skating,"LACKIE, Mark",CAN,Men,5000M Relay,Silver
1992,Albertville,Skating,Short Track Speed Skating,"HWANG, Ok Sil",PRK,Women,500M,Bronze
1992,Albertville,Skating,Short Track Speed Skating,"TURNER, Cathy",USA,Women,500M,Gold
1992,Albertville,Skating,Short Track Speed Skating,"LI, Yan",CHN,Women,500M,Silver
1992,Albertville,Skating,Speed skating,"KARLSTAD, Geir",NOR,Men,10000M,Bronze
1992,Albertville,Skating,Speed skating,"VELDKAMP, Bart",NED,Men,10000M,Gold
1992,Albertville,Skating,Speed skating,"KOSS, Johann Olav",NOR,Men,10000M,Silver
1992,Albertville,Skating,Speed skating,"MIYABE, Yukinori",JPN,Men,1000M,Bronze
1992,Albertville,Skating,Speed skating,"ZINKE, Olaf",GER,Men,1000M,Gold
1992,Albertville,Skating,Speed skating,"KIM, Yoon-Man",KOR,Men,1000M,Silver
1992,Albertville,Skating,Speed skating,"GARBRECHT-ENFELDT, Monique",GER,Women,1000M,Bronze
1992,Albertville,Skating,Speed skating,"BLAIR, Bonnie",USA,Women,1000M,Gold
1992,Albertville,Skating,Speed skating,"YE, Qiaobo",CHN,Women,1000M,Silver
1992,Albertville,Skating,Speed skating,"VISSER, Leo",NED,Men,1500M,Bronze
1992,Albertville,Skating,Speed skating,"KOSS, Johann Olav",NOR,Men,1500M,Gold
1992,Albertville,Skating,Speed skating,"SONDRAL, Adne",NOR,Men,1500M,Silver
1992,Albertville,Skating,Speed skating,"HASHIMOTO, Seiko",JPN,Women,1500M,Bronze
1992,Albertville,Skating,Speed skating,"BÃ–RNER, Jacqueline",GER,Women,1500M,Gold
1992,Albertville,Skating,Speed skating,"NIEMANN-STIRNEMANN, Gunda",GER,Women,1500M,Silver
1992,Albertville,Skating,Speed skating,"HUNYADY, Emese",AUT,Women,3000M,Bronze
1992,Albertville,Skating,Speed skating,"NIEMANN-STIRNEMANN, Gunda",GER,Women,3000M,Gold
1992,Albertville,Skating,Speed skating,"WARNICKE, Heike",GER,Women,3000M,Silver
1992,Albertville,Skating,Speed skating,"VISSER, Leo",NED,Men,5000M,Bronze
1992,Albertville,Skating,Speed skating,"KARLSTAD, Geir",NOR,Men,5000M,Gold
1992,Albertville,Skating,Speed skating,"ZANDSTRA, Falko",NED,Men,5000M,Silver
1992,Albertville,Skating,Speed skating,"PECHSTEIN, Claudia",GER,Women,5000M,Bronze
1992,Albertville,Skating,Speed skating,"NIEMANN-STIRNEMANN, Gunda",GER,Women,5000M,Gold
1992,Albertville,Skating,Speed skating,"WARNICKE, Heike",GER,Women,5000M,Silver
1992,Albertville,Skating,Speed skating,"INOUE, Junichi",JPN,Men,500M,Bronze
1992,Albertville,Skating,Speed skating,"MEY, Uwe-Jens",GER,Men,500M,Gold
1992,Albertville,Skating,Speed skating,"KUROIWA, Toshiyuki",JPN,Men,500M,Silver
1992,Albertville,Skating,Speed skating,"LUDING, Christa",GER,Women,500M,Bronze
1992,Albertville,Skating,Speed skating,"BLAIR, Bonnie",USA,Women,500M,Gold
1992,Albertville,Skating,Speed skating,"YE, Qiaobo",CHN,Women,500M,Silver
1992,Albertville,Skiing,Alpine Skiing,"LOCHER, Steve",SUI,Men,Alpine Combined,Bronze
1992,Albertville,Skiing,Alpine Skiing,"POLIG, Josef",ITA,Men,Alpine Combined,Gold
1992,Albertville,Skiing,Alpine Skiing,"MARTIN, Gianfranco",ITA,Men,Alpine Combined,Silver
1992,Albertville,Skiing,Alpine Skiing,"MASNADA, Florence",FRA,Women,Alpine Combined,Bronze
1992,Albertville,Skiing,Alpine Skiing,"KRONBERGER, Petra",AUT,Women,Alpine Combined,Gold
1992,Albertville,Skiing,Alpine Skiing,"WACHTER, Anita",AUT,Women,Alpine Combined,Silver
1992,Albertville,Skiing,Alpine Skiing,"MADER, GÃ_nther",AUT,Men,Downhill,Bronze
1992,Albertville,Skiing,Alpine Skiing,"ORTLIEB, Patrick",AUT,Men,Downhill,Gold
1992,Albertville,Skiing,Alpine Skiing,"PICCARD, Franck",FRA,Men,Downhill,Silver
1992,Albertville,Skiing,Alpine Skiing,"STALLMAIER, Veronika",AUT,Women,Downhill,Bronze
1992,Albertville,Skiing,Alpine Skiing,"LEE-GARTNER, Kerrin",CAN,Women,Downhill,Gold
1992,Albertville,Skiing,Alpine Skiing,"LINDH, Hilary",USA,Women,Downhill,Silver
1992,Albertville,Skiing,Alpine Skiing,"AAMODT, Kjetil Andre",NOR,Men,Giant Slalom,Bronze
1992,Albertville,Skiing,Alpine Skiing,"TOMBA, Alberto",ITA,Men,Giant Slalom,Gold
1992,Albertville,Skiing,Alpine Skiing,"GIRARDELLI, Marc",LUX,Men,Giant Slalom,Silver
1992,Albertville,Skiing,Alpine Skiing,"WIBERG, Pernilla",SWE,Women,Giant Slalom,Gold
1992,Albertville,Skiing,Alpine Skiing,"WACHTER, Anita",AUT,Women,Giant Slalom,Silver
1992,Albertville,Skiing,Alpine Skiing,"ROFFE, Diann",USA,Women,Giant Slalom,Silver
1992,Albertville,Skiing,Alpine Skiing,"TRITSCHER, Michael",AUT,Men,Slalom,Bronze
1992,Albertville,Skiing,Alpine Skiing,"JAGGE, Finn Christian",NOR,Men,Slalom,Gold
1992,Albertville,Skiing,Alpine Skiing,"TOMBA, Alberto",ITA,Men,Slalom,Silver
1992,Albertville,Skiing,Alpine Skiing,"FERNANDEZ OCHOA, Blanca",ESP,Women,Slalom,Bronze
1992,Albertville,Skiing,Alpine Skiing,"KRONBERGER, Petra",AUT,Women,Slalom,Gold
1992,Albertville,Skiing,Alpine Skiing,"COBERGER, Annelise",NZL,Women,Slalom,Silver
1992,Albertville,Skiing,Alpine Skiing,"THORSEN, Jan Einar",NOR,Men,Super-G,Bronze
1992,Albertville,Skiing,Alpine Skiing,"AAMODT, Kjetil Andre",NOR,Men,Super-G,Gold
1992,Albertville,Skiing,Alpine Skiing,"GIRARDELLI, Marc",LUX,Men,Super-G,Silver
1992,Albertville,Skiing,Alpine Skiing,"SEIZINGER, Katja",GER,Women,Super-G,Bronze
1992,Albertville,Skiing,Alpine Skiing,"COMPAGNONI, Deborah",ITA,Women,Super-G,Gold
1992,Albertville,Skiing,Alpine Skiing,"MERLE, Carole",FRA,Women,Super-G,Silver
1992,Albertville,Skiing,Cross Country Skiing,"MAJBÃ„CK, Christer",SWE,Men,10KM Pursuit,Bronze
1992,Albertville,Skiing,Cross Country Skiing,"ULVANG, Vegard",NOR,Men,10KM Pursuit,Gold
1992,Albertville,Skiing,Cross Country Skiing,"ALBARELLO, Marco",ITA,Men,10KM Pursuit,Silver
1992,Albertville,Skiing,Cross Country Skiing,"VAELBE, Elena",EUN,Women,15KM Mass Start,Bronze
1992,Albertville,Skiing,Cross Country Skiing,"EGOROVA, Ljubov",EUN,Women,15KM Mass Start,Gold
1992,Albertville,Skiing,Cross Country Skiing,"ROLIG, Marjut",FIN,Women,15KM Mass Start,Silver
1992,Albertville,Skiing,Cross Country Skiing,"VAELBE, Elena",EUN,Women,30KM,Bronze
1992,Albertville,Skiing,Cross Country Skiing,"BELMONDO, Stefania",ITA,Women,30KM,Gold
1992,Albertville,Skiing,Cross Country Skiing,"EGOROVA, Ljubov",EUN,Women,30KM,Silver
1992,Albertville,Skiing,Cross Country Skiing,"LANGLI, Terje",NOR,Men,30KM Mass Start,Bronze
1992,Albertville,Skiing,Cross Country Skiing,"ULVANG, Vegard",NOR,Men,30KM Mass Start,Gold
1992,Albertville,Skiing,Cross Country Skiing,"DAEHLIE, BjÃ¶rn",NOR,Men,30KM Mass Start,Silver
1992,Albertville,Skiing,Cross Country Skiing,"ISOMETSA, Jari",FIN,Men,4X10KM Relay,Bronze
1992,Albertville,Skiing,Cross Country Skiing,"KIRVESNIEMI, Harri",FIN,Men,4X10KM Relay,Bronze
1992,Albertville,Skiing,Cross Country Skiing,"KUUSISTO, Mika",FIN,Men,4X10KM Relay,Bronze
1992,Albertville,Skiing,Cross Country Skiing,"RÃ„SÃ„NEN, Jari",FIN,Men,4X10KM Relay,Bronze
1992,Albertville,Skiing,Cross Country Skiing,"DAEHLIE, BjÃ¶rn",NOR,Men,4X10KM Relay,Gold
1992,Albertville,Skiing,Cross Country Skiing,"LANGLI, Terje",NOR,Men,4X10KM Relay,Gold
1992,Albertville,Skiing,Cross Country Skiing,"SKJELDAL, Kristen",NOR,Men,4X10KM Relay,Gold
1992,Albertville,Skiing,Cross Country Skiing,"ULVANG, Vegard",NOR,Men,4X10KM Relay,Gold
1992,Albertville,Skiing,Cross Country Skiing,"ALBARELLO, Marco",ITA,Men,4X10KM Relay,Silver
1992,Albertville,Skiing,Cross Country Skiing,"FAUNER, Silvio",ITA,Men,4X10KM Relay,Silver
1992,Albertville,Skiing,Cross Country Skiing,"PULIE, Giuseppe",ITA,Men,4X10KM Relay,Silver
1992,Albertville,Skiing,Cross Country Skiing,"VANZETTA, Giorgio",ITA,Men,4X10KM Relay,Silver
1992,Albertville,Skiing,Cross Country Skiing,"BELMONDO, Stefania",ITA,Women,4X5KM Relay,Bronze
1992,Albertville,Skiing,Cross Country Skiing,"DI CENTA, Manuela",ITA,Women,4X5KM Relay,Bronze
1992,Albertville,Skiing,Cross Country Skiing,"PARUZZI, Gabriella",ITA,Women,4X5KM Relay,Bronze
1992,Albertville,Skiing,Cross Country Skiing,"VANZETTA, Bice",ITA,Women,4X5KM Relay,Bronze
1992,Albertville,Skiing,Cross Country Skiing,"EGOROVA, Ljubov",EUN,Women,4X5KM Relay,Gold
1992,Albertville,Skiing,Cross Country Skiing,"LAZUTINA, Larissa",EUN,Women,4X5KM Relay,Gold
1992,Albertville,Skiing,Cross Country Skiing,"SMETANINA, Raisa",EUN,Women,4X5KM Relay,Gold
1992,Albertville,Skiing,Cross Country Skiing,"VAELBE, Elena",EUN,Women,4X5KM Relay,Gold
1992,Albertville,Skiing,Cross Country Skiing,"DYBENDAHL HARTZ, Trude",NOR,Women,4X5KM Relay,Silver
1992,Albertville,Skiing,Cross Country Skiing,"NILSEN, Elin",NOR,Women,4X5KM Relay,Silver
1992,Albertville,Skiing,Cross Country Skiing,"NYBRAATEN, Inger Helene",NOR,Women,4X5KM Relay,Silver
1992,Albertville,Skiing,Cross Country Skiing,"PEDERSEN, Solveig",NOR,Women,4X5KM Relay,Silver
1992,Albertville,Skiing,Cross Country Skiing,"VANZETTA, Giorgio",ITA,Men,50KM,Bronze
1992,Albertville,Skiing,Cross Country Skiing,"DAEHLIE, BjÃ¶rn",NOR,Men,50KM,Gold
1992,Albertville,Skiing,Cross Country Skiing,"DE ZOLT, Maurilio",ITA,Men,50KM,Silver
1992,Albertville,Skiing,Cross Country Skiing,"VAELBE, Elena",EUN,Women,5KM,Bronze
1992,Albertville,Skiing,Cross Country Skiing,"ROLIG, Marjut",FIN,Women,5KM,Gold
1992,Albertville,Skiing,Cross Country Skiing,"EGOROVA, Ljubov",EUN,Women,5KM,Silver
1992,Albertville,Skiing,Cross Country Skiing,"VANZETTA, Giorgio",ITA,Men,Combined 10KM + 15KM Pursuit,Bronze
1992,Albertville,Skiing,Cross Country Skiing,"DAEHLIE, BjÃ¶rn",NOR,Men,Combined 10KM + 15KM Pursuit,Gold
1992,Albertville,Skiing,Cross Country Skiing,"ULVANG, Vegard",NOR,Men,Combined 10KM + 15KM Pursuit,Silver
1992,Albertville,Skiing,Cross Country Skiing,"VAELBE, Elena",EUN,Women,Combined 5KM + 10KM Pursuit,Bronze
1992,Albertville,Skiing,Cross Country Skiing,"EGOROVA, Ljubov",EUN,Women,Combined 5KM + 10KM Pursuit,Gold
1992,Albertville,Skiing,Cross Country Skiing,"BELMONDO, Stefania",ITA,Women,Combined 5KM + 10KM Pursuit,Silver
1992,Albertville,Skiing,Freestyle Skiing,"CARMICHAEL, Nelson",USA,Men,Moguls,Bronze
1992,Albertville,Skiing,Freestyle Skiing,"GROSPIRON, Edgar",FRA,Men,Moguls,Gold
1992,Albertville,Skiing,Freestyle Skiing,"ALLAMAND, Olivier",FRA,Men,Moguls,Silver
1992,Albertville,Skiing,Freestyle Skiing,"HATTESTAD, Stine Lise",NOR,Women,Moguls,Bronze
1992,Albertville,Skiing,Freestyle Skiing,"WEINBRECHT, Donna",USA,Women,Moguls,Gold
1992,Albertville,Skiing,Freestyle Skiing,"KOZHEVNIKOVA, Yelizaveta",EUN,Women,Moguls,Silver
1992,Albertville,Skiing,Nordic Combined,"SULZENBACHER, Klaus",AUT,Men,Individual,Bronze
1992,Albertville,Skiing,Nordic Combined,"GUY, Fabrice",FRA,Men,Individual,Gold
1992,Albertville,Skiing,Nordic Combined,"GUILLAUME, Sylvain",FRA,Men,Individual,Silver
1992,Albertville,Skiing,Nordic Combined,"KREINER, Stefan",AUT,Men,Team,Bronze
1992,Albertville,Skiing,Nordic Combined,"OFNER, Klaus",AUT,Men,Team,Bronze
1992,Albertville,Skiing,Nordic Combined,"SULZENBACHER, Klaus",AUT,Men,Team,Bronze
1992,Albertville,Skiing,Nordic Combined,"KONO, Takanori",JPN,Men,Team,Gold
1992,Albertville,Skiing,Nordic Combined,"MIKATA, Reiichi",JPN,Men,Team,Gold
1992,Albertville,Skiing,Nordic Combined,"OGIWARA, Kenji",JPN,Men,Team,Gold
1992,Albertville,Skiing,Nordic Combined,"APELAND, Knut",NOR,Men,Team,Silver
1992,Albertville,Skiing,Nordic Combined,"ELDEN, Trond Einar",NOR,Men,Team,Silver
1992,Albertville,Skiing,Nordic Combined,"LUNDBERG, Fred Boerre",NOR,Men,Team,Silver
1992,Albertville,Skiing,Ski Jumping,"KUTTIN, Heinz",AUT,Men,K120 Individual (90M),Bronze
1992,Albertville,Skiing,Ski Jumping,"NIEMINEN, Toni",FIN,Men,K120 Individual (90M),Gold
1992,Albertville,Skiing,Ski Jumping,"HOELLWARTH, Martin",AUT,Men,K120 Individual (90M),Silver
1992,Albertville,Skiing,Ski Jumping,"GODER, Tomas",TCH,Men,K120 Team (90M),Bronze
1992,Albertville,Skiing,Ski Jumping,"JEZ, Frantisek",TCH,Men,K120 Team (90M),Bronze
1992,Albertville,Skiing,Ski Jumping,"PARMA, Jiri",TCH,Men,K120 Team (90M),Bronze
1992,Albertville,Skiing,Ski Jumping,"SAKALA, Jaroslav",TCH,Men,K120 Team (90M),Bronze
1992,Albertville,Skiing,Ski Jumping,"LAAKKONEN, Risto",FIN,Men,K120 Team (90M),Gold
1992,Albertville,Skiing,Ski Jumping,"LAITINEN, Mika",FIN,Men,K120 Team (90M),Gold
1992,Albertville,Skiing,Ski Jumping,"NIEMINEN, Toni",FIN,Men,K120 Team (90M),Gold
1992,Albertville,Skiing,Ski Jumping,"NIKKOLA, Ari-Pekka",FIN,Men,K120 Team (90M),Gold
1992,Albertville,Skiing,Ski Jumping,"FELDER, Andreas",AUT,Men,K120 Team (90M),Silver
1992,Albertville,Skiing,Ski Jumping,"HOELLWARTH, Martin",AUT,Men,K120 Team (90M),Silver
1992,Albertville,Skiing,Ski Jumping,"KUTTIN, Heinz",AUT,Men,K120 Team (90M),Silver
1992,Albertville,Skiing,Ski Jumping,"VETTORI, Ernst",AUT,Men,K120 Team (90M),Silver
1992,Albertville,Skiing,Ski Jumping,"NIEMINEN, Toni",FIN,Men,K90 Individual (70M),Bronze
1992,Albertville,Skiing,Ski Jumping,"VETTORI, Ernst",AUT,Men,K90 Individual (70M),Gold
1992,Albertville,Skiing,Ski Jumping,"HOELLWARTH, Martin",AUT,Men,K90 Individual (70M),Silver
1994,Lillehammer,Biathlon,Biathlon,"TARASOV, Sergei",RUS,Men,10KM,Bronze
1994,Lillehammer,Biathlon,Biathlon,"TCHEPIKOV, Sergei",RUS,Men,10KM,Gold
1994,Lillehammer,Biathlon,Biathlon,"GROSS, Ricco",GER,Men,10KM,Silver
1994,Lillehammer,Biathlon,Biathlon,"DISL, Uschi",GER,Women,15KM,Bronze
1994,Lillehammer,Biathlon,Biathlon,"BEDARD, Myriam",CAN,Women,15KM,Gold
1994,Lillehammer,Biathlon,Biathlon,"BRIAND BOUTHIAUX, Anne",FRA,Women,15KM,Silver
1994,Lillehammer,Biathlon,Biathlon,"FISCHER, Sven",GER,Men,20KM,Bronze
1994,Lillehammer,Biathlon,Biathlon,"TARASOV, Sergei",RUS,Men,20KM,Gold
1994,Lillehammer,Biathlon,Biathlon,"LUCK, Frank",GER,Men,20KM,Silver
1994,Lillehammer,Biathlon,Biathlon,"BAILLY-SALINS, Patrice",FRA,Men,4X7.5KM Relay,Bronze
1994,Lillehammer,Biathlon,Biathlon,"DUSSERRE, Thierry",FRA,Men,4X7.5KM Relay,Bronze
1994,Lillehammer,Biathlon,Biathlon,"FLANDIN, HervÃ©",FRA,Men,4X7.5KM Relay,Bronze
1994,Lillehammer,Biathlon,Biathlon,"LAURENT, Lionel",FRA,Men,4X7.5KM Relay,Bronze
1994,Lillehammer,Biathlon,Biathlon,"FISCHER, Sven",GER,Men,4X7.5KM Relay,Gold
1994,Lillehammer,Biathlon,Biathlon,"GROSS, Ricco",GER,Men,4X7.5KM Relay,Gold
1994,Lillehammer,Biathlon,Biathlon,"KIRCHNER, Mark",GER,Men,4X7.5KM Relay,Gold
1994,Lillehammer,Biathlon,Biathlon,"LUCK, Frank",GER,Men,4X7.5KM Relay,Gold
1994,Lillehammer,Biathlon,Biathlon,"DRATSCHEV, Vladimir",RUS,Men,4X7.5KM Relay,Silver
1994,Lillehammer,Biathlon,Biathlon,"KIRIENKO, Valeri",RUS,Men,4X7.5KM Relay,Silver
1994,Lillehammer,Biathlon,Biathlon,"TARASOV, Sergei",RUS,Men,4X7.5KM Relay,Silver
1994,Lillehammer,Biathlon,Biathlon,"TCHEPIKOV, Sergei",RUS,Men,4X7.5KM Relay,Silver
1994,Lillehammer,Biathlon,Biathlon,"BRIAND BOUTHIAUX, Anne",FRA,Women,4X7.5KM Relay,Bronze
1994,Lillehammer,Biathlon,Biathlon,"BURLET, Delphyne",FRA,Women,4X7.5KM Relay,Bronze
1994,Lillehammer,Biathlon,Biathlon,"CLAUDEL, VÃ©ronique",FRA,Women,4X7.5KM Relay,Bronze
1994,Lillehammer,Biathlon,Biathlon,"NIOGRET, Corinne",FRA,Women,4X7.5KM Relay,Bronze
1994,Lillehammer,Biathlon,Biathlon,"NOSKOVA, Louiza",RUS,Women,4X7.5KM Relay,Gold
1994,Lillehammer,Biathlon,Biathlon,"REZTSOVA, Anfisa",RUS,Women,4X7.5KM Relay,Gold
1994,Lillehammer,Biathlon,Biathlon,"SNYTINA, Natalia",RUS,Women,4X7.5KM Relay,Gold
1994,Lillehammer,Biathlon,Biathlon,"TALANOVA, Nadejda",RUS,Women,4X7.5KM Relay,Gold
1994,Lillehammer,Biathlon,Biathlon,"DISL, Uschi",GER,Women,4X7.5KM Relay,Silver
1994,Lillehammer,Biathlon,Biathlon,"GREINER-PETTER-MEMM, Simone",GER,Women,4X7.5KM Relay,Silver
1994,Lillehammer,Biathlon,Biathlon,"HARVEY, Antje",GER,Women,4X7.5KM Relay,Silver
1994,Lillehammer,Biathlon,Biathlon,"SCHAAF, Petra",GER,Women,4X7.5KM Relay,Silver
1994,Lillehammer,Biathlon,Biathlon,"TSERBE-NESSINA, Valentyna",UKR,Women,7.5KM,Bronze
1994,Lillehammer,Biathlon,Biathlon,"BEDARD, Myriam",CAN,Women,7.5KM,Gold
1994,Lillehammer,Biathlon,Biathlon,"PARAMYGINA, Svetlana",BLR,Women,7.5KM,Silver
1994,Lillehammer,Bobsleigh,Bobsleigh,"EMBACH, Carsten",GER,Men,Four-Man,Bronze
1994,Lillehammer,Bobsleigh,Bobsleigh,"HANNEMANN, Rene",GER,Men,Four-Man,Bronze
1994,Lillehammer,Bobsleigh,Bobsleigh,"HIELSCHER, Ulf",GER,Men,Four-Man,Bronze
1994,Lillehammer,Bobsleigh,Bobsleigh,"HOPPE, Wolfgang",GER,Men,Four-Man,Bronze
1994,Lillehammer,Bobsleigh,Bobsleigh,"BRANNASCH, Karsten",GER,Men,Four-Man,Gold
1994,Lillehammer,Bobsleigh,Bobsleigh,"CZUDAJ, Harald",GER,Men,Four-Man,Gold
1994,Lillehammer,Bobsleigh,Bobsleigh,"HAMPEL, Olaf",GER,Men,Four-Man,Gold
1994,Lillehammer,Bobsleigh,Bobsleigh,"SZELIG, Alexander",GER,Men,Four-Man,Gold
1994,Lillehammer,Bobsleigh,Bobsleigh,"ACKLIN, Donat",SUI,Men,Four-Man,Silver
1994,Lillehammer,Bobsleigh,Bobsleigh,"MEIER, Kurt",SUI,Men,Four-Man,Silver
1994,Lillehammer,Bobsleigh,Bobsleigh,"SEMERARO, Domenico",SUI,Men,Four-Man,Silver
1994,Lillehammer,Bobsleigh,Bobsleigh,"WEDER, Gustav",SUI,Men,Four-Man,Silver
1994,Lillehammer,Bobsleigh,Bobsleigh,"HUBER, Guenther",ITA,Men,Two-Man,Bronze
1994,Lillehammer,Bobsleigh,Bobsleigh,"TICCI, Stefano",ITA,Men,Two-Man,Bronze
1994,Lillehammer,Bobsleigh,Bobsleigh,"ACKLIN, Donat",SUI,Men,Two-Man,Gold
1994,Lillehammer,Bobsleigh,Bobsleigh,"WEDER, Gustav",SUI,Men,Two-Man,Gold
1994,Lillehammer,Bobsleigh,Bobsleigh,"ACKLIN, Guido",SUI,Men,Two-Man,Silver
1994,Lillehammer,Bobsleigh,Bobsleigh,"GOETSCHI, Reto",SUI,Men,Two-Man,Silver
1994,Lillehammer,Ice Hockey,Ice Hockey,"ALATALO, Mika",FIN,Men,Ice Hockey,Bronze
1994,Lillehammer,Ice Hockey,Ice Hockey,"HÃ„MÃ„LÃ„INEN, Vesa Erik",FIN,Men,Ice Hockey,Bronze
1994,Lillehammer,Ice Hockey,Ice Hockey,"HELMINEN, Raimo",FIN,Men,Ice Hockey,Bronze
1994,Lillehammer,Ice Hockey,Ice Hockey,"JUTILA, Timo",FIN,Men,Ice Hockey,Bronze
1994,Lillehammer,Ice Hockey,Ice Hockey,"KAPANEN, Sami",FIN,Men,Ice Hockey,Bronze
1994,Lillehammer,Ice Hockey,Ice Hockey,"KESKINEN, Esa",FIN,Men,Ice Hockey,Bronze
1994,Lillehammer,Ice Hockey,Ice Hockey,"KIPRUSOFF, Marko",FIN,Men,Ice Hockey,Bronze
1994,Lillehammer,Ice Hockey,Ice Hockey,"KOIVU, Saku",FIN,Men,Ice Hockey,Bronze
1994,Lillehammer,Ice Hockey,Ice Hockey,"KUIVALAINEN, Pasi",FIN,Men,Ice Hockey,Bronze
1994,Lillehammer,Ice Hockey,Ice Hockey,"LAUKKANEN, Janne",FIN,Men,Ice Hockey,Bronze
1994,Lillehammer,Ice Hockey,Ice Hockey,"LEHTERAE, Tero",FIN,Men,Ice Hockey,Bronze
1994,Lillehammer,Ice Hockey,Ice Hockey,"LEHTINEN, Jere",FIN,Men,Ice Hockey,Bronze
1994,Lillehammer,Ice Hockey,Ice Hockey,"MÃ„KELÃ„, Mikko",FIN,Men,Ice Hockey,Bronze
1994,Lillehammer,Ice Hockey,Ice Hockey,"MYLLYS, Jarmo",FIN,Men,Ice Hockey,Bronze
1994,Lillehammer,Ice Hockey,Ice Hockey,"NIEMINEN, Mika",FIN,Men,Ice Hockey,Bronze
1994,Lillehammer,Ice Hockey,Ice Hockey,"OJANEN, Janne",FIN,Men,Ice Hockey,Bronze
1994,Lillehammer,Ice Hockey,Ice Hockey,"PALO, Marko",FIN,Men,Ice Hockey,Bronze
1994,Lillehammer,Ice Hockey,Ice Hockey,"PELTONEN, Ville",FIN,Men,Ice Hockey,Bronze
1994,Lillehammer,Ice Hockey,Ice Hockey,"SORMUNEN, Pasi",FIN,Men,Ice Hockey,Bronze
1994,Lillehammer,Ice Hockey,Ice Hockey,"STROEMBERG, Mika",FIN,Men,Ice Hockey,Bronze
1994,Lillehammer,Ice Hockey,Ice Hockey,"TAMMI, Jukka",FIN,Men,Ice Hockey,Bronze
1994,Lillehammer,Ice Hockey,Ice Hockey,"VARIS, Petri",FIN,Men,Ice Hockey,Bronze
1994,Lillehammer,Ice Hockey,Ice Hockey,"VIRTA, Hannu",FIN,Men,Ice Hockey,Bronze
1994,Lillehammer,Ice Hockey,Ice Hockey,"ALGOTSSON, Hakan",SWE,Men,Ice Hockey,Gold
1994,Lillehammer,Ice Hockey,Ice Hockey,"BERGKVIST, Jonas",SWE,Men,Ice Hockey,Gold
1994,Lillehammer,Ice Hockey,Ice Hockey,"BERGLUND, Charles",SWE,Men,Ice Hockey,Gold
1994,Lillehammer,Ice Hockey,Ice Hockey,"DACKELL, Andreas",SWE,Men,Ice Hockey,Gold
1994,Lillehammer,Ice Hockey,Ice Hockey,"DUE-BOJE, Christian",SWE,Men,Ice Hockey,Gold
1994,Lillehammer,Ice Hockey,Ice Hockey,"ERIKSSON, Niklas",SWE,Men,Ice Hockey,Gold
1994,Lillehammer,Ice Hockey,Ice Hockey,"FORSBERG, Peter",SWE,Men,Ice Hockey,Gold
1994,Lillehammer,Ice Hockey,Ice Hockey,"HANSSON, Roger",SWE,Men,Ice Hockey,Gold
1994,Lillehammer,Ice Hockey,Ice Hockey,"JOHANSSON, Roger",SWE,Men,Ice Hockey,Gold
1994,Lillehammer,Ice Hockey,Ice Hockey,"JONSSON, Jorgen",SWE,Men,Ice Hockey,Gold
1994,Lillehammer,Ice Hockey,Ice Hockey,"JONSSON, Kenny",SWE,Men,Ice Hockey,Gold
1994,Lillehammer,Ice Hockey,Ice Hockey,"JONSSON, Tomas",SWE,Men,Ice Hockey,Gold
1994,Lillehammer,Ice Hockey,Ice Hockey,"JUHLIN, Patrik",SWE,Men,Ice Hockey,Gold
1994,Lillehammer,Ice Hockey,Ice Hockey,"KJELLBERG, Patric",SWE,Men,Ice Hockey,Gold
1994,Lillehammer,Ice Hockey,Ice Hockey,"LOOB, Haakan",SWE,Men,Ice Hockey,Gold
1994,Lillehammer,Ice Hockey,Ice Hockey,"NÃ„SLUND, Mats",SWE,Men,Ice Hockey,Gold
1994,Lillehammer,Ice Hockey,Ice Hockey,"Ã–RNSKOG, Stefan",SWE,Men,Ice Hockey,Gold
1994,Lillehammer,Ice Hockey,Ice Hockey,"ROHLIN, Leif",SWE,Men,Ice Hockey,Gold
1994,Lillehammer,Ice Hockey,Ice Hockey,"RYDMARK, Daniel",SWE,Men,Ice Hockey,Gold
1994,Lillehammer,Ice Hockey,Ice Hockey,"SALO, Tommy",SWE,Men,Ice Hockey,Gold
1994,Lillehammer,Ice Hockey,Ice Hockey,"STILLMAN, Fredrik",SWE,Men,Ice Hockey,Gold
1994,Lillehammer,Ice Hockey,Ice Hockey,"SVENSSON, Magnus",SWE,Men,Ice Hockey,Gold
1994,Lillehammer,Ice Hockey,Ice Hockey,"ASTLEY, Mark",CAN,Men,Ice Hockey,Silver
1994,Lillehammer,Ice Hockey,Ice Hockey,"AUCOIN, Adrian",CAN,Men,Ice Hockey,Silver
1994,Lillehammer,Ice Hockey,Ice Hockey,"HARLOCK, David",CAN,Men,Ice Hockey,Silver
1994,Lillehammer,Ice Hockey,Ice Hockey,"HIRSCH, Corey",CAN,Men,Ice Hockey,Silver
1994,Lillehammer,Ice Hockey,Ice Hockey,"HLUSHKO, Todd",CAN,Men,Ice Hockey,Silver
1994,Lillehammer,Ice Hockey,Ice Hockey,"JOHNSON, Greg",CAN,Men,Ice Hockey,Silver
1994,Lillehammer,Ice Hockey,Ice Hockey,"JOSEPH, Fabian",CAN,Men,Ice Hockey,Silver
1994,Lillehammer,Ice Hockey,Ice Hockey,"KARIYA, Paul",CAN,Men,Ice Hockey,Silver
1994,Lillehammer,Ice Hockey,Ice Hockey,"KONTOS, Chris",CAN,Men,Ice Hockey,Silver
1994,Lillehammer,Ice Hockey,Ice Hockey,"LEGACE, Manny",CAN,Men,Ice Hockey,Silver
1994,Lillehammer,Ice Hockey,Ice Hockey,"LOVSIN, Ken",CAN,Men,Ice Hockey,Silver
1994,Lillehammer,Ice Hockey,Ice Hockey,"MAYER, Derek",CAN,Men,Ice Hockey,Silver
1994,Lillehammer,Ice Hockey,Ice Hockey,"NEDVED, Peter",CAN,Men,Ice Hockey,Silver
1994,Lillehammer,Ice Hockey,Ice Hockey,"NORRIS, Dwayne",CAN,Men,Ice Hockey,Silver
1994,Lillehammer,Ice Hockey,Ice Hockey,"PARKS, Greg",CAN,Men,Ice Hockey,Silver
1994,Lillehammer,Ice Hockey,Ice Hockey,"ROY, Allain",CAN,Men,Ice Hockey,Silver
1994,Lillehammer,Ice Hockey,Ice Hockey,"ROY, Jean Yves",CAN,Men,Ice Hockey,Silver
1994,Lillehammer,Ice Hockey,Ice Hockey,"SAVAGE, Brian",CAN,Men,Ice Hockey,Silver
1994,Lillehammer,Ice Hockey,Ice Hockey,"SCHLEGEL, Bradley",CAN,Men,Ice Hockey,Silver
1994,Lillehammer,Ice Hockey,Ice Hockey,"SCHREIBER, Wallace",CAN,Men,Ice Hockey,Silver
1994,Lillehammer,Ice Hockey,Ice Hockey,"THERIEN, Chris",CAN,Men,Ice Hockey,Silver
1994,Lillehammer,Ice Hockey,Ice Hockey,"WARRINER, Todd",CAN,Men,Ice Hockey,Silver
1994,Lillehammer,Ice Hockey,Ice Hockey,"WERENKA, Brad",CAN,Men,Ice Hockey,Silver
1994,Lillehammer,Luge,Luge,"BEHRENDT, Jan",GER,Men,Doubles,Bronze
1994,Lillehammer,Luge,Luge,"KRAUSSE, Stefan",GER,Men,Doubles,Bronze
1994,Lillehammer,Luge,Luge,"BRUGGER, Kurt",ITA,Men,Doubles,Gold
1994,Lillehammer,Luge,Luge,"HUBER, Wilfried",ITA,Men,Doubles,Gold
1994,Lillehammer,Luge,Luge,"HUBER, Norbert",ITA,Men,Doubles,Silver
1994,Lillehammer,Luge,Luge,"RAFFL, HansjÃ¶rg",ITA,Men,Doubles,Silver
1994,Lillehammer,Luge,Luge,"ZOEGGELER, Armin",ITA,Men,Singles,Bronze
1994,Lillehammer,Luge,Luge,"HACKL, Georg",GER,Men,Singles,Gold
1994,Lillehammer,Luge,Luge,"PROCK, Markus",AUT,Men,Singles,Silver
1994,Lillehammer,Luge,Luge,"TAGWERKER, Andrea",AUT,Women,Singles,Bronze
1994,Lillehammer,Luge,Luge,"WEISSENSTEINER, Gerda",ITA,Women,Singles,Gold
1994,Lillehammer,Luge,Luge,"ERDMANN, Susi-Lisa",GER,Women,Singles,Silver
1994,Lillehammer,Skating,Figure skating,"DEAN, Christopher",GBR,Men,Ice Dancing,Bronze
1994,Lillehammer,Skating,Figure skating,"TORVILL, Jayne",GBR,Women,Ice Dancing,Bronze
1994,Lillehammer,Skating,Figure skating,"GRISCHUK, Pasha",RUS,Women,Ice Dancing,Gold
1994,Lillehammer,Skating,Figure skating,"PLATOV, Evgeny",RUS,Men,Ice Dancing,Gold
1994,Lillehammer,Skating,Figure skating,"USOVA, Maya",RUS,Women,Ice Dancing,Silver
1994,Lillehammer,Skating,Figure skating,"ZHULIN, Aleksandr",RUS,Men,Ice Dancing,Silver
1994,Lillehammer,Skating,Figure skating,"CANDELORO, Philippe",FRA,Men,Individual,Bronze
1994,Lillehammer,Skating,Figure skating,"URMANOV, Aleksei",RUS,Men,Individual,Gold
1994,Lillehammer,Skating,Figure skating,"STOJKO, Elvis",CAN,Men,Individual,Silver
1994,Lillehammer,Skating,Figure skating,"CHEN, Lu",CHN,Women,Individual,Bronze
1994,Lillehammer,Skating,Figure skating,"BAIUL, Oksana",UKR,Women,Individual,Gold
1994,Lillehammer,Skating,Figure skating,"KERRIGAN, Nancy",USA,Women,Individual,Silver
1994,Lillehammer,Skating,Figure skating,"BRASSEUR, Isabelle",CAN,Women,Pairs,Bronze
1994,Lillehammer,Skating,Figure skating,"EISLER, Lloyd",CAN,Men,Pairs,Bronze
1994,Lillehammer,Skating,Figure skating,"GORDEYEVA, Yekaterina",RUS,Women,Pairs,Gold
1994,Lillehammer,Skating,Figure skating,"GRINKOV, Sergey",RUS,Men,Pairs,Gold
1994,Lillehammer,Skating,Figure skating,"DMITRIYEV, Artur",RUS,Men,Pairs,Silver
1994,Lillehammer,Skating,Figure skating,"MISHKUTYONOK, Natalya",RUS,Women,Pairs,Silver
1994,Lillehammer,Skating,Short Track Speed Skating,"GAGNON, Marc",CAN,Men,1000M,Bronze
1994,Lillehammer,Skating,Short Track Speed Skating,"KIM, Ki-Hoon",KOR,Men,1000M,Gold
1994,Lillehammer,Skating,Short Track Speed Skating,"CHAE, Ji-Hoon",KOR,Men,1000M,Silver
1994,Lillehammer,Skating,Short Track Speed Skating,"KIM, So-Hee",KOR,Women,1000M,Bronze
1994,Lillehammer,Skating,Short Track Speed Skating,"CHUN, Lee-Kyung",KOR,Women,1000M,Gold
1994,Lillehammer,Skating,Short Track Speed Skating,"LAMBERT, Nathalie",CAN,Women,1000M,Silver
1994,Lillehammer,Skating,Short Track Speed Skating,"CASHMAN, Karen",USA,Women,3000M Relay,Bronze
1994,Lillehammer,Skating,Short Track Speed Skating,"PETERSON, Amy",USA,Women,3000M Relay,Bronze
1994,Lillehammer,Skating,Short Track Speed Skating,"SUNDSTROM, Shana",USA,Women,3000M Relay,Bronze
1994,Lillehammer,Skating,Short Track Speed Skating,"TURNER, Cathy",USA,Women,3000M Relay,Bronze
1994,Lillehammer,Skating,Short Track Speed Skating,"ZIEGELMEYER, Nikki",USA,Women,3000M Relay,Bronze
1994,Lillehammer,Skating,Short Track Speed Skating,"CHUN, Lee-Kyung",KOR,Women,3000M Relay,Gold
1994,Lillehammer,Skating,Short Track Speed Skating,"KIM, Ryang-Hee",KOR,Women,3000M Relay,Gold
1994,Lillehammer,Skating,Short Track Speed Skating,"KIM, So-Hee",KOR,Women,3000M Relay,Gold
1994,Lillehammer,Skating,Short Track Speed Skating,"KIM, Yoon-Mi",KOR,Women,3000M Relay,Gold
1994,Lillehammer,Skating,Short Track Speed Skating,"WON, Hye-Kyung",KOR,Women,3000M Relay,Gold
1994,Lillehammer,Skating,Short Track Speed Skating,"BOUDRIAS, Christine",CAN,Women,3000M Relay,Silver
1994,Lillehammer,Skating,Short Track Speed Skating,"CHAREST, Isabelle",CAN,Women,3000M Relay,Silver
1994,Lillehammer,Skating,Short Track Speed Skating,"CUTRONE, Angela",CAN,Women,3000M Relay,Silver
1994,Lillehammer,Skating,Short Track Speed Skating,"DAIGLE, Sylvie",CAN,Women,3000M Relay,Silver
1994,Lillehammer,Skating,Short Track Speed Skating,"LAMBERT, Nathalie",CAN,Women,3000M Relay,Silver
1994,Lillehammer,Skating,Short Track Speed Skating,"BRADBURY, Steven",AUS,Men,5000M Relay,Bronze
1994,Lillehammer,Skating,Short Track Speed Skating,"HANSEN, Kieran",AUS,Men,5000M Relay,Bronze
1994,Lillehammer,Skating,Short Track Speed Skating,"MURTHA, Andrew",AUS,Men,5000M Relay,Bronze
1994,Lillehammer,Skating,Short Track Speed Skating,"NIZIELSKI, Richard",AUS,Men,5000M Relay,Bronze
1994,Lillehammer,Skating,Short Track Speed Skating,"CARNINO, Maurizio",ITA,Men,5000M Relay,Gold
1994,Lillehammer,Skating,Short Track Speed Skating,"CATTANI, Diego",ITA,Men,5000M Relay,Gold
1994,Lillehammer,Skating,Short Track Speed Skating,"FAGONE, Orazio",ITA,Men,5000M Relay,Gold
1994,Lillehammer,Skating,Short Track Speed Skating,"HERRNHOF, Hugo",ITA,Men,5000M Relay,Gold
1994,Lillehammer,Skating,Short Track Speed Skating,"VUILLERMIN, Mirko",ITA,Men,5000M Relay,Gold
1994,Lillehammer,Skating,Short Track Speed Skating,"BARTZ, Randall",USA,Men,5000M Relay,Silver
1994,Lillehammer,Skating,Short Track Speed Skating,"COYLE, John",USA,Men,5000M Relay,Silver
1994,Lillehammer,Skating,Short Track Speed Skating,"FLAIM, Eric",USA,Men,5000M Relay,Silver
1994,Lillehammer,Skating,Short Track Speed Skating,"GABEL, Andrew",USA,Men,5000M Relay,Silver
1994,Lillehammer,Skating,Short Track Speed Skating,"GOSKOWICZ, Anthony",USA,Men,5000M Relay,Silver
1994,Lillehammer,Skating,Short Track Speed Skating,"GOOCH, Nicky",GBR,Men,500M,Bronze
1994,Lillehammer,Skating,Short Track Speed Skating,"CHAE, Ji-Hoon",KOR,Men,500M,Gold
1994,Lillehammer,Skating,Short Track Speed Skating,"VUILLERMIN, Mirko",ITA,Men,500M,Silver
1994,Lillehammer,Skating,Short Track Speed Skating,"PETERSON, Amy",USA,Women,500M,Bronze
1994,Lillehammer,Skating,Short Track Speed Skating,"TURNER, Cathy",USA,Women,500M,Gold
1994,Lillehammer,Skating,Short Track Speed Skating,"ZHANG, Yanmei",CHN,Women,500M,Silver
1994,Lillehammer,Skating,Speed skating,"VELDKAMP, Bart",NED,Men,10000M,Bronze
1994,Lillehammer,Skating,Speed skating,"KOSS, Johann Olav",NOR,Men,10000M,Gold
1994,Lillehammer,Skating,Speed skating,"STORELID, Kjell",NOR,Men,10000M,Silver
1994,Lillehammer,Skating,Speed skating,"KLEVCHENYA, Sergey",RUS,Men,1000M,Bronze
1994,Lillehammer,Skating,Speed skating,"JANSEN, Daniel",USA,Men,1000M,Gold
1994,Lillehammer,Skating,Speed skating,"ZHELEZOVSKY, Igor",BLR,Men,1000M,Silver
1994,Lillehammer,Skating,Speed skating,"YE, Qiaobo",CHN,Women,1000M,Bronze
1994,Lillehammer,Skating,Speed skating,"BLAIR, Bonnie",USA,Women,1000M,Gold
1994,Lillehammer,Skating,Speed skating,"BAIER-LOEF, Anke",GER,Women,1000M,Silver
1994,Lillehammer,Skating,Speed skating,"ZANDSTRA, Falko",NED,Men,1500M,Bronze
1994,Lillehammer,Skating,Speed skating,"KOSS, Johann Olav",NOR,Men,1500M,Gold
1994,Lillehammer,Skating,Speed skating,"RITSMA, Rintje",NED,Men,1500M,Silver
1994,Lillehammer,Skating,Speed skating,"NIEMANN-STIRNEMANN, Gunda",GER,Women,1500M,Bronze
1994,Lillehammer,Skating,Speed skating,"HUNYADY, Emese",AUT,Women,1500M,Gold
1994,Lillehammer,Skating,Speed skating,"FEDOTKINA, Svetlana",RUS,Women,1500M,Silver
1994,Lillehammer,Skating,Speed skating,"PECHSTEIN, Claudia",GER,Women,3000M,Bronze
1994,Lillehammer,Skating,Speed skating,"BAJANOVA, Svetlana",RUS,Women,3000M,Gold
1994,Lillehammer,Skating,Speed skating,"HUNYADY, Emese",AUT,Women,3000M,Silver
1994,Lillehammer,Skating,Speed skating,"RITSMA, Rintje",NED,Men,5000M,Bronze
1994,Lillehammer,Skating,Speed skating,"KOSS, Johann Olav",NOR,Men,5000M,Gold
1994,Lillehammer,Skating,Speed skating,"STORELID, Kjell",NOR,Men,5000M,Silver
1994,Lillehammer,Skating,Speed skating,"YAMAMOTO, Hiromi",JPN,Women,5000M,Bronze
1994,Lillehammer,Skating,Speed skating,"PECHSTEIN, Claudia",GER,Women,5000M,Gold
1994,Lillehammer,Skating,Speed skating,"NIEMANN-STIRNEMANN, Gunda",GER,Women,5000M,Silver
1994,Lillehammer,Skating,Speed skating,"HORII, Manabu",JPN,Men,500M,Bronze
1994,Lillehammer,Skating,Speed skating,"GOLUBEV, Aleksandr",RUS,Men,500M,Gold
1994,Lillehammer,Skating,Speed skating,"KLEVCHENYA, Sergey",RUS,Men,500M,Silver
1994,Lillehammer,Skating,Speed skating,"SCHENK, Franziska",GER,Women,500M,Bronze
1994,Lillehammer,Skating,Speed skating,"BLAIR, Bonnie",USA,Women,500M,Gold
1994,Lillehammer,Skating,Speed skating,"AUCH, Susan",CAN,Women,500M,Silver
1994,Lillehammer,Skiing,Alpine Skiing,"STRAND NILSEN, Harald Chr.",NOR,Men,Alpine Combined,Bronze
1994,Lillehammer,Skiing,Alpine Skiing,"KJUS, Lasse",NOR,Men,Alpine Combined,Gold
1994,Lillehammer,Skiing,Alpine Skiing,"AAMODT, Kjetil Andre",NOR,Men,Alpine Combined,Silver
1994,Lillehammer,Skiing,Alpine Skiing,"DOVZAN, Alenka",SLO,Women,Alpine Combined,Bronze
1994,Lillehammer,Skiing,Alpine Skiing,"WIBERG, Pernilla",SWE,Women,Alpine Combined,Gold
1994,Lillehammer,Skiing,Alpine Skiing,"SCHNEIDER, Vreni",SUI,Women,Alpine Combined,Silver
1994,Lillehammer,Skiing,Alpine Skiing,"PODIVINSKY, Ed",CAN,Men,Downhill,Bronze
1994,Lillehammer,Skiing,Alpine Skiing,"MOE, Thomas",USA,Men,Downhill,Gold
1994,Lillehammer,Skiing,Alpine Skiing,"AAMODT, Kjetil Andre",NOR,Men,Downhill,Silver
1994,Lillehammer,Skiing,Alpine Skiing,"KOSTNER, Isolde",ITA,Women,Downhill,Bronze
1994,Lillehammer,Skiing,Alpine Skiing,"SEIZINGER, Katja",GER,Women,Downhill,Gold
1994,Lillehammer,Skiing,Alpine Skiing,"STREET, Picabo",USA,Women,Downhill,Silver
1994,Lillehammer,Skiing,Alpine Skiing,"MAYER, Christian",AUT,Men,Giant Slalom,Bronze
1994,Lillehammer,Skiing,Alpine Skiing,"WASMEIER, Markus",GER,Men,Giant Slalom,Gold
1994,Lillehammer,Skiing,Alpine Skiing,"KAELIN, Urs",SUI,Men,Giant Slalom,Silver
1994,Lillehammer,Skiing,Alpine Skiing,"SCHNEIDER, Vreni",SUI,Women,Giant Slalom,Bronze
1994,Lillehammer,Skiing,Alpine Skiing,"COMPAGNONI, Deborah",ITA,Women,Giant Slalom,Gold
1994,Lillehammer,Skiing,Alpine Skiing,"ERTL, Martina",GER,Women,Giant Slalom,Silver
1994,Lillehammer,Skiing,Alpine Skiing,"KOSIR, Jure",SLO,Men,Slalom,Bronze
1994,Lillehammer,Skiing,Alpine Skiing,"STANGASSINGER, Thomas",AUT,Men,Slalom,Gold
1994,Lillehammer,Skiing,Alpine Skiing,"TOMBA, Alberto",ITA,Men,Slalom,Silver
1994,Lillehammer,Skiing,Alpine Skiing,"KOREN, Katja",SLO,Women,Slalom,Bronze
1994,Lillehammer,Skiing,Alpine Skiing,"SCHNEIDER, Vreni",SUI,Women,Slalom,Gold
1994,Lillehammer,Skiing,Alpine Skiing,"EDER, Elfriede",AUT,Women,Slalom,Silver
1994,Lillehammer,Skiing,Alpine Skiing,"AAMODT, Kjetil Andre",NOR,Men,Super-G,Bronze
1994,Lillehammer,Skiing,Alpine Skiing,"WASMEIER, Markus",GER,Men,Super-G,Gold
1994,Lillehammer,Skiing,Alpine Skiing,"MOE, Thomas",USA,Men,Super-G,Silver
1994,Lillehammer,Skiing,Alpine Skiing,"KOSTNER, Isolde",ITA,Women,Super-G,Bronze
1994,Lillehammer,Skiing,Alpine Skiing,"ROFFE, Diann",USA,Women,Super-G,Gold
1994,Lillehammer,Skiing,Alpine Skiing,"GLADISHEVA, Svetlana",RUS,Women,Super-G,Silver
1994,Lillehammer,Skiing,Cross Country Skiing,"ALBARELLO, Marco",ITA,Men,10KM Pursuit,Bronze
1994,Lillehammer,Skiing,Cross Country Skiing,"DAEHLIE, BjÃ¶rn",NOR,Men,10KM Pursuit,Gold
1994,Lillehammer,Skiing,Cross Country Skiing,"SMIRNOV, Vladimir",KAZ,Men,10KM Pursuit,Silver
1994,Lillehammer,Skiing,Cross Country Skiing,"GAVRILJUK, Nina",RUS,Women,15KM Mass Start,Bronze
1994,Lillehammer,Skiing,Cross Country Skiing,"DI CENTA, Manuela",ITA,Women,15KM Mass Start,Gold
1994,Lillehammer,Skiing,Cross Country Skiing,"EGOROVA, Ljubov",RUS,Women,15KM Mass Start,Silver
1994,Lillehammer,Skiing,Cross Country Skiing,"KIRVESNIEMI, Marja-Liisa",FIN,Women,30KM,Bronze
1994,Lillehammer,Skiing,Cross Country Skiing,"DI CENTA, Manuela",ITA,Women,30KM,Gold
1994,Lillehammer,Skiing,Cross Country Skiing,"MIKKELSPLASS, Marit",NOR,Women,30KM,Silver
1994,Lillehammer,Skiing,Cross Country Skiing,"MYLLYLAE, Mika",FIN,Men,30KM Mass Start,Bronze
1994,Lillehammer,Skiing,Cross Country Skiing,"ALSGAARD, Thomas",NOR,Men,30KM Mass Start,Gold
1994,Lillehammer,Skiing,Cross Country Skiing,"DAEHLIE, BjÃ¶rn",NOR,Men,30KM Mass Start,Silver
1994,Lillehammer,Skiing,Cross Country Skiing,"ISOMETSA, Jari",FIN,Men,4X10KM Relay,Bronze
1994,Lillehammer,Skiing,Cross Country Skiing,"KIRVESNIEMI, Harri",FIN,Men,4X10KM Relay,Bronze
1994,Lillehammer,Skiing,Cross Country Skiing,"MYLLYLAE, Mika",FIN,Men,4X10KM Relay,Bronze
1994,Lillehammer,Skiing,Cross Country Skiing,"RAESAENEN, Jari",FIN,Men,4X10KM Relay,Bronze
1994,Lillehammer,Skiing,Cross Country Skiing,"ALBARELLO, Marco",ITA,Men,4X10KM Relay,Gold
1994,Lillehammer,Skiing,Cross Country Skiing,"DE ZOLT, Maurilio",ITA,Men,4X10KM Relay,Gold
1994,Lillehammer,Skiing,Cross Country Skiing,"FAUNER, Silvio",ITA,Men,4X10KM Relay,Gold
1994,Lillehammer,Skiing,Cross Country Skiing,"VANZETTA, Giorgio",ITA,Men,4X10KM Relay,Gold
1994,Lillehammer,Skiing,Cross Country Skiing,"ALSGAARD, Thomas",NOR,Men,4X10KM Relay,Silver
1994,Lillehammer,Skiing,Cross Country Skiing,"DAEHLIE, BjÃ¶rn",NOR,Men,4X10KM Relay,Silver
1994,Lillehammer,Skiing,Cross Country Skiing,"SIVERTSEN, Sture",NOR,Men,4X10KM Relay,Silver
1994,Lillehammer,Skiing,Cross Country Skiing,"ULVANG, Vegard",NOR,Men,4X10KM Relay,Silver
1994,Lillehammer,Skiing,Cross Country Skiing,"BELMONDO, Stefania",ITA,Women,4X5KM Relay,Bronze
1994,Lillehammer,Skiing,Cross Country Skiing,"DI CENTA, Manuela",ITA,Women,4X5KM Relay,Bronze
1994,Lillehammer,Skiing,Cross Country Skiing,"PARUZZI, Gabriella",ITA,Women,4X5KM Relay,Bronze
1994,Lillehammer,Skiing,Cross Country Skiing,"VANZETTA, Bice",ITA,Women,4X5KM Relay,Bronze
1994,Lillehammer,Skiing,Cross Country Skiing,"EGOROVA, Ljubov",RUS,Women,4X5KM Relay,Gold
1994,Lillehammer,Skiing,Cross Country Skiing,"GAVRILJUK, Nina",RUS,Women,4X5KM Relay,Gold
1994,Lillehammer,Skiing,Cross Country Skiing,"LAZUTINA, Larissa",RUS,Women,4X5KM Relay,Gold
1994,Lillehammer,Skiing,Cross Country Skiing,"VAELBE, Elena",RUS,Women,4X5KM Relay,Gold
1994,Lillehammer,Skiing,Cross Country Skiing,"DYBENDAHL HARTZ, Trude",NOR,Women,4X5KM Relay,Silver
1994,Lillehammer,Skiing,Cross Country Skiing,"MOEN, Anita",NOR,Women,4X5KM Relay,Silver
1994,Lillehammer,Skiing,Cross Country Skiing,"NILSEN, Elin",NOR,Women,4X5KM Relay,Silver
1994,Lillehammer,Skiing,Cross Country Skiing,"NYBRAATEN, Inger Helene",NOR,Women,4X5KM Relay,Silver
1994,Lillehammer,Skiing,Cross Country Skiing,"SIVERTSEN, Sture",NOR,Men,50KM,Bronze
1994,Lillehammer,Skiing,Cross Country Skiing,"SMIRNOV, Vladimir",KAZ,Men,50KM,Gold
1994,Lillehammer,Skiing,Cross Country Skiing,"MYLLYLAE, Mika",FIN,Men,50KM,Silver
1994,Lillehammer,Skiing,Cross Country Skiing,"KIRVESNIEMI, Marja-Liisa",FIN,Women,5KM,Bronze
1994,Lillehammer,Skiing,Cross Country Skiing,"EGOROVA, Ljubov",RUS,Women,5KM,Gold
1994,Lillehammer,Skiing,Cross Country Skiing,"DI CENTA, Manuela",ITA,Women,5KM,Silver
1994,Lillehammer,Skiing,Cross Country Skiing,"FAUNER, Silvio",ITA,Men,Combined 10KM + 15KM Pursuit,Bronze
1994,Lillehammer,Skiing,Cross Country Skiing,"DAEHLIE, BjÃ¶rn",NOR,Men,Combined 10KM + 15KM Pursuit,Gold
1994,Lillehammer,Skiing,Cross Country Skiing,"SMIRNOV, Vladimir",KAZ,Men,Combined 10KM + 15KM Pursuit,Silver
1994,Lillehammer,Skiing,Cross Country Skiing,"BELMONDO, Stefania",ITA,Women,Combined 5KM + 10KM Pursuit,Bronze
1994,Lillehammer,Skiing,Cross Country Skiing,"EGOROVA, Ljubov",RUS,Women,Combined 5KM + 10KM Pursuit,Gold
1994,Lillehammer,Skiing,Cross Country Skiing,"DI CENTA, Manuela",ITA,Women,Combined 5KM + 10KM Pursuit,Silver
1994,Lillehammer,Skiing,Freestyle Skiing,"LANGLOIS, Lloyd",CAN,Men,Aerials,Bronze
1994,Lillehammer,Skiing,Freestyle Skiing,"SCHÃ–NBÃ„CHLER, Andreas",SUI,Men,Aerials,Gold
1994,Lillehammer,Skiing,Freestyle Skiing,"LAROCHE, Philippe",CAN,Men,Aerials,Silver
1994,Lillehammer,Skiing,Freestyle Skiing,"LID, Hilde Synnove",NOR,Women,Aerials,Bronze
1994,Lillehammer,Skiing,Freestyle Skiing,"CHERYAZOVA, Lina",UZB,Women,Aerials,Gold
1994,Lillehammer,Skiing,Freestyle Skiing,"LINDGREN, Marie",SWE,Women,Aerials,Silver
1994,Lillehammer,Skiing,Freestyle Skiing,"GROSPIRON, Edgar",FRA,Men,Moguls,Bronze
1994,Lillehammer,Skiing,Freestyle Skiing,"BRASSARD, Jean-Luc",CAN,Men,Moguls,Gold
1994,Lillehammer,Skiing,Freestyle Skiing,"SHUPLETSOV, Sergei",RUS,Men,Moguls,Silver
1994,Lillehammer,Skiing,Freestyle Skiing,"KOZHEVNIKOVA, Yelizaveta",RUS,Women,Moguls,Bronze
1994,Lillehammer,Skiing,Freestyle Skiing,"HATTESTAD, Stine Lise",NOR,Women,Moguls,Gold
1994,Lillehammer,Skiing,Freestyle Skiing,"MCINTYRE, Elizabeth",USA,Women,Moguls,Silver
1994,Lillehammer,Skiing,Nordic Combined,"VIK, Bjarte Engen",NOR,Men,Individual,Bronze
1994,Lillehammer,Skiing,Nordic Combined,"LUNDBERG, Fred Boerre",NOR,Men,Individual,Gold
1994,Lillehammer,Skiing,Nordic Combined,"KONO, Takanori",JPN,Men,Individual,Silver
1994,Lillehammer,Skiing,Nordic Combined,"CUENDET, Jean-Yves",SUI,Men,Team,Bronze
1994,Lillehammer,Skiing,Nordic Combined,"KEMPF, Hippolyt",SUI,Men,Team,Bronze
1994,Lillehammer,Skiing,Nordic Combined,"SCHAAD, Andreas",SUI,Men,Team,Bronze
1994,Lillehammer,Skiing,Nordic Combined,"ABE, Masashi",JPN,Men,Team,Gold
1994,Lillehammer,Skiing,Nordic Combined,"KONO, Takanori",JPN,Men,Team,Gold
1994,Lillehammer,Skiing,Nordic Combined,"OGIWARA, Kenji",JPN,Men,Team,Gold
1994,Lillehammer,Skiing,Nordic Combined,"APELAND, Knut",NOR,Men,Team,Silver
1994,Lillehammer,Skiing,Nordic Combined,"LUNDBERG, Fred Boerre",NOR,Men,Team,Silver
1994,Lillehammer,Skiing,Nordic Combined,"VIK, Bjarte Engen",NOR,Men,Team,Silver
1994,Lillehammer,Skiing,Ski Jumping,"GOLDBERGER, Andreas",AUT,Men,K120 Individual (90M),Bronze
1994,Lillehammer,Skiing,Ski Jumping,"WEISSFLOG, Jens",GER,Men,K120 Individual (90M),Gold
1994,Lillehammer,Skiing,Ski Jumping,"BREDESEN, Espen",NOR,Men,K120 Individual (90M),Silver
1994,Lillehammer,Skiing,Ski Jumping,"GOLDBERGER, Andreas",AUT,Men,K120 Team (90M),Bronze
1994,Lillehammer,Skiing,Ski Jumping,"HORNGACHER, Stefan",AUT,Men,K120 Team (90M),Bronze
1994,Lillehammer,Skiing,Ski Jumping,"KUTTIN, Heinz",AUT,Men,K120 Team (90M),Bronze
1994,Lillehammer,Skiing,Ski Jumping,"MOSER, Christian",AUT,Men,K120 Team (90M),Bronze
1994,Lillehammer,Skiing,Ski Jumping,"DUFFNER, Christof",GER,Men,K120 Team (90M),Gold
1994,Lillehammer,Skiing,Ski Jumping,"JAEKLE, Hansjoerg",GER,Men,K120 Team (90M),Gold
1994,Lillehammer,Skiing,Ski Jumping,"THOMA, Dieter",GER,Men,K120 Team (90M),Gold
1994,Lillehammer,Skiing,Ski Jumping,"WEISSFLOG, Jens",GER,Men,K120 Team (90M),Gold
1994,Lillehammer,Skiing,Ski Jumping,"HARADA, Masahiko",JPN,Men,K120 Team (90M),Silver
1994,Lillehammer,Skiing,Ski Jumping,"KASAI, Noriaki",JPN,Men,K120 Team (90M),Silver
1994,Lillehammer,Skiing,Ski Jumping,"NISHIKATA, Jinya",JPN,Men,K120 Team (90M),Silver
1994,Lillehammer,Skiing,Ski Jumping,"OKABE, Takanobu",JPN,Men,K120 Team (90M),Silver
1994,Lillehammer,Skiing,Ski Jumping,"THOMA, Dieter",GER,Men,K90 Individual (70M),Bronze
1994,Lillehammer,Skiing,Ski Jumping,"BREDESEN, Espen",NOR,Men,K90 Individual (70M),Gold
1994,Lillehammer,Skiing,Ski Jumping,"OTTESEN, Lasse",NOR,Men,K90 Individual (70M),Silver
1998,Nagano,Biathlon,Biathlon,"RAIKKONEN, Ville",FIN,Men,10KM,Bronze
1998,Nagano,Biathlon,Biathlon,"BJOERNDALEN, Ole Einar",NOR,Men,10KM,Gold
1998,Nagano,Biathlon,Biathlon,"ANDRESEN, Frode",NOR,Men,10KM,Silver
1998,Nagano,Biathlon,Biathlon,"DISL, Uschi",GER,Women,15KM,Bronze
1998,Nagano,Biathlon,Biathlon,"DAFOVSKA, Ekaterina",BUL,Women,15KM,Gold
1998,Nagano,Biathlon,Biathlon,"PETROVA, Olena",UKR,Women,15KM,Silver
1998,Nagano,Biathlon,Biathlon,"AIDAROV, Aleksei",BLR,Men,20KM,Bronze
1998,Nagano,Biathlon,Biathlon,"HANEVOLD, Halvard",NOR,Men,20KM,Gold
1998,Nagano,Biathlon,Biathlon,"CARRARA, Pier Alberto",ITA,Men,20KM,Silver
1998,Nagano,Biathlon,Biathlon,"DRATSCHEV, Vladimir",RUS,Men,4X7.5KM Relay,Bronze
1998,Nagano,Biathlon,Biathlon,"MAIGOUROV, Victor",RUS,Men,4X7.5KM Relay,Bronze
1998,Nagano,Biathlon,Biathlon,"MOUSLIMOV, Pavel",RUS,Men,4X7.5KM Relay,Bronze
1998,Nagano,Biathlon,Biathlon,"TARASOV, Sergei",RUS,Men,4X7.5KM Relay,Bronze
1998,Nagano,Biathlon,Biathlon,"FISCHER, Sven",GER,Men,4X7.5KM Relay,Gold
1998,Nagano,Biathlon,Biathlon,"GROSS, Ricco",GER,Men,4X7.5KM Relay,Gold
1998,Nagano,Biathlon,Biathlon,"LUCK, Frank",GER,Men,4X7.5KM Relay,Gold
1998,Nagano,Biathlon,Biathlon,"SENDEL, Peter",GER,Men,4X7.5KM Relay,Gold
1998,Nagano,Biathlon,Biathlon,"BJOERNDALEN, Dag",NOR,Men,4X7.5KM Relay,Silver
1998,Nagano,Biathlon,Biathlon,"BJOERNDALEN, Ole Einar",NOR,Men,4X7.5KM Relay,Silver
1998,Nagano,Biathlon,Biathlon,"GJELLAND, Egil",NOR,Men,4X7.5KM Relay,Silver
1998,Nagano,Biathlon,Biathlon,"HANEVOLD, Halvard",NOR,Men,4X7.5KM Relay,Silver
1998,Nagano,Biathlon,Biathlon,"ANDREASSEN, Gunn Margit",NOR,Women,4X7.5KM Relay,Bronze
1998,Nagano,Biathlon,Biathlon,"POIREE, Liv Grete",NOR,Women,4X7.5KM Relay,Bronze
1998,Nagano,Biathlon,Biathlon,"SIKVELAND, Annette",NOR,Women,4X7.5KM Relay,Bronze
1998,Nagano,Biathlon,Biathlon,"SKJELBREID, Ann Elen",NOR,Women,4X7.5KM Relay,Bronze
1998,Nagano,Biathlon,Biathlon,"APEL, Katrin",GER,Women,4X7.5KM Relay,Gold
1998,Nagano,Biathlon,Biathlon,"BEHLE-SCHAAF, Petra",GER,Women,4X7.5KM Relay,Gold
1998,Nagano,Biathlon,Biathlon,"DISL, Uschi",GER,Women,4X7.5KM Relay,Gold
1998,Nagano,Biathlon,Biathlon,"ZELLNER, Martina",GER,Women,4X7.5KM Relay,Gold
1998,Nagano,Biathlon,Biathlon,"AKHATOVA, Albina",RUS,Women,4X7.5KM Relay,Silver
1998,Nagano,Biathlon,Biathlon,"KOUKLEVA, Galina",RUS,Women,4X7.5KM Relay,Silver
1998,Nagano,Biathlon,Biathlon,"MELNIK, Olga",RUS,Women,4X7.5KM Relay,Silver
1998,Nagano,Biathlon,Biathlon,"ROMASKO, Olga",RUS,Women,4X7.5KM Relay,Silver
1998,Nagano,Biathlon,Biathlon,"APEL, Katrin",GER,Women,7.5KM,Bronze
1998,Nagano,Biathlon,Biathlon,"KOUKLEVA, Galina",RUS,Women,7.5KM,Gold
1998,Nagano,Biathlon,Biathlon,"DISL, Uschi",GER,Women,7.5KM,Silver
1998,Nagano,Bobsleigh,Bobsleigh,"HOSTACHE, Emanuel",FRA,Men,Four-Man,Bronze
1998,Nagano,Bobsleigh,Bobsleigh,"LE CHANONY, Eric",FRA,Men,Four-Man,Bronze
1998,Nagano,Bobsleigh,Bobsleigh,"MINGEON, Bruno",FRA,Men,Four-Man,Bronze
1998,Nagano,Bobsleigh,Bobsleigh,"ROBERT, Max",FRA,Men,Four-Man,Bronze
1998,Nagano,Bobsleigh,Bobsleigh,"ATTWOOD, Paul",GBR,Men,Four-Man,Bronze
1998,Nagano,Bobsleigh,Bobsleigh,"OLSSON, Sean",GBR,Men,Four-Man,Bronze
1998,Nagano,Bobsleigh,Bobsleigh,"RUMBOLT, Courtney",GBR,Men,Four-Man,Bronze
1998,Nagano,Bobsleigh,Bobsleigh,"WARD, Dean",GBR,Men,Four-Man,Bronze
1998,Nagano,Bobsleigh,Bobsleigh,"HAMPEL, Olaf",GER,Men,Four-Man,Gold
1998,Nagano,Bobsleigh,Bobsleigh,"JAKOBS, Marco",GER,Men,Four-Man,Gold
1998,Nagano,Bobsleigh,Bobsleigh,"LANGEN, Christoph",GER,Men,Four-Man,Gold
1998,Nagano,Bobsleigh,Bobsleigh,"ZIMMERMANN, Markus",GER,Men,Four-Man,Gold
1998,Nagano,Bobsleigh,Bobsleigh,"NUESSLI, Markus",SUI,Men,Four-Man,Silver
1998,Nagano,Bobsleigh,Bobsleigh,"ROHNER, Marcel",SUI,Men,Four-Man,Silver
1998,Nagano,Bobsleigh,Bobsleigh,"SEITZ, Beat",SUI,Men,Four-Man,Silver
1998,Nagano,Bobsleigh,Bobsleigh,"WASSER, Markus",SUI,Men,Four-Man,Silver
1998,Nagano,Bobsleigh,Bobsleigh,"LANGEN, Christoph",GER,Men,Two-Man,Bronze
1998,Nagano,Bobsleigh,Bobsleigh,"ZIMMERMANN, Markus",GER,Men,Two-Man,Bronze
1998,Nagano,Bobsleigh,Bobsleigh,"LUEDERS, Pierre",CAN,Men,Two-Man,Gold
1998,Nagano,Bobsleigh,Bobsleigh,"MACEACHERN, David",CAN,Men,Two-Man,Gold
1998,Nagano,Bobsleigh,Bobsleigh,"HUBER, Guenther",ITA,Men,Two-Man,Gold
1998,Nagano,Bobsleigh,Bobsleigh,"TARTAGLIA, Antonio",ITA,Men,Two-Man,Gold
1998,Nagano,Curling,Curling,"GRIMSMO, Anthon",NOR,Men,Curling,Bronze
1998,Nagano,Curling,Curling,"GUNNESTAD, Stig-Arne",NOR,Men,Curling,Bronze
1998,Nagano,Curling,Curling,"RAMSFJELL, Eigil",NOR,Men,Curling,Bronze
1998,Nagano,Curling,Curling,"THORESEN, Jan",NOR,Men,Curling,Bronze
1998,Nagano,Curling,Curling,"TORVBRAATEN, Tore",NOR,Men,Curling,Bronze
1998,Nagano,Curling,Curling,"ANDRES, Dominic",SUI,Men,Curling,Gold
1998,Nagano,Curling,Curling,"HUERLIMANN, Patrick",SUI,Men,Curling,Gold
1998,Nagano,Curling,Curling,"LOERTSCHER, Patrik",SUI,Men,Curling,Gold
1998,Nagano,Curling,Curling,"MUELLER, Daniel",SUI,Men,Curling,Gold
1998,Nagano,Curling,Curling,"PERREN, Diego",SUI,Men,Curling,Gold
1998,Nagano,Curling,Curling,"HARRIS, Mike",CAN,Men,Curling,Silver
1998,Nagano,Curling,Curling,"HART, Richard",CAN,Men,Curling,Silver
1998,Nagano,Curling,Curling,"KARRYS, George",CAN,Men,Curling,Silver
1998,Nagano,Curling,Curling,"MITCHELL, Collin",CAN,Men,Curling,Silver
1998,Nagano,Curling,Curling,"SAVAGE, Paul",CAN,Men,Curling,Silver
1998,Nagano,Curling,Curling,"GUSTAFSON, Elisabet",SWE,Women,Curling,Bronze
1998,Nagano,Curling,Curling,"LINDAHL, Margaretha",SWE,Women,Curling,Bronze
1998,Nagano,Curling,Curling,"MARMONT, Louise",SWE,Women,Curling,Bronze
1998,Nagano,Curling,Curling,"NYBERG, Katarina",SWE,Women,Curling,Bronze
1998,Nagano,Curling,Curling,"PERSSON, Elisabeth",SWE,Women,Curling,Bronze
1998,Nagano,Curling,Curling,"BETKER, Jan",CAN,Women,Curling,Gold
1998,Nagano,Curling,Curling,"FORD, Atina",CAN,Women,Curling,Gold
1998,Nagano,Curling,Curling,"GUDEREIT, Marcia",CAN,Women,Curling,Gold
1998,Nagano,Curling,Curling,"MCCUSKER, Joan",CAN,Women,Curling,Gold
1998,Nagano,Curling,Curling,"SCHMIRLER, Sandra",CAN,Women,Curling,Gold
1998,Nagano,Curling,Curling,"BIDSTRUP, Jane",DEN,Women,Curling,Silver
1998,Nagano,Curling,Curling,"HOLM, Dorthe",DEN,Women,Curling,Silver
1998,Nagano,Curling,Curling,"LAVRSEN, Helena Blach",DEN,Women,Curling,Silver
1998,Nagano,Curling,Curling,"POERTNER, Margit",DEN,Women,Curling,Silver
1998,Nagano,Curling,Curling,"QVIST, Trine",DEN,Women,Curling,Silver
1998,Nagano,Ice Hockey,Ice Hockey,"BERG, Aki-Petteri",FIN,Men,Ice Hockey,Bronze
1998,Nagano,Ice Hockey,Ice Hockey,"GROENMAN, Tomas",FIN,Men,Ice Hockey,Bronze
1998,Nagano,Ice Hockey,Ice Hockey,"HELMINEN, Raimo",FIN,Men,Ice Hockey,Bronze
1998,Nagano,Ice Hockey,Ice Hockey,"KAPANEN, Sami",FIN,Men,Ice Hockey,Bronze
1998,Nagano,Ice Hockey,Ice Hockey,"KOIVU, Saku",FIN,Men,Ice Hockey,Bronze
1998,Nagano,Ice Hockey,Ice Hockey,"KURRI, Jari",FIN,Men,Ice Hockey,Bronze
1998,Nagano,Ice Hockey,Ice Hockey,"LAUKKANEN, Janne",FIN,Men,Ice Hockey,Bronze
1998,Nagano,Ice Hockey,Ice Hockey,"LEHTINEN, Jere",FIN,Men,Ice Hockey,Bronze
1998,Nagano,Ice Hockey,Ice Hockey,"LIND, Juha",FIN,Men,Ice Hockey,Bronze
1998,Nagano,Ice Hockey,Ice Hockey,"LUMME, Jyrki",FIN,Men,Ice Hockey,Bronze
1998,Nagano,Ice Hockey,Ice Hockey,"MYLLYS, Jarmo",FIN,Men,Ice Hockey,Bronze
1998,Nagano,Ice Hockey,Ice Hockey,"NIEMINEN, Mika",FIN,Men,Ice Hockey,Bronze
1998,Nagano,Ice Hockey,Ice Hockey,"NIINIMAA, Janne",FIN,Men,Ice Hockey,Bronze
1998,Nagano,Ice Hockey,Ice Hockey,"NUMMINEN, Teppo",FIN,Men,Ice Hockey,Bronze
1998,Nagano,Ice Hockey,Ice Hockey,"PELTONEN, Ville",FIN,Men,Ice Hockey,Bronze
1998,Nagano,Ice Hockey,Ice Hockey,"RINTANEN, Kimmo",FIN,Men,Ice Hockey,Bronze
1998,Nagano,Ice Hockey,Ice Hockey,"SELANNE, Teemu",FIN,Men,Ice Hockey,Bronze
1998,Nagano,Ice Hockey,Ice Hockey,"SULANDER, Ari",FIN,Men,Ice Hockey,Bronze
1998,Nagano,Ice Hockey,Ice Hockey,"TAMMI, Jukka",FIN,Men,Ice Hockey,Bronze
1998,Nagano,Ice Hockey,Ice Hockey,"TIKKANEN, Esa",FIN,Men,Ice Hockey,Bronze
1998,Nagano,Ice Hockey,Ice Hockey,"TIMONEN, Kimmo",FIN,Men,Ice Hockey,Bronze
1998,Nagano,Ice Hockey,Ice Hockey,"TOERMAENEN, Antti",FIN,Men,Ice Hockey,Bronze
1998,Nagano,Ice Hockey,Ice Hockey,"YLONEN, Juha",FIN,Men,Ice Hockey,Bronze
1998,Nagano,Ice Hockey,Ice Hockey,"BERANEK, Josef",CZE,Men,Ice Hockey,Gold
1998,Nagano,Ice Hockey,Ice Hockey,"CALOUN, Jan",CZE,Men,Ice Hockey,Gold
1998,Nagano,Ice Hockey,Ice Hockey,"CECHMANEK, Roman",CZE,Men,Ice Hockey,Gold
1998,Nagano,Ice Hockey,Ice Hockey,"DOPITA, Jiri",CZE,Men,Ice Hockey,Gold
1998,Nagano,Ice Hockey,Ice Hockey,"HAMRLIK, Roman",CZE,Men,Ice Hockey,Gold
1998,Nagano,Ice Hockey,Ice Hockey,"HASEK, Dominik",CZE,Men,Ice Hockey,Gold
1998,Nagano,Ice Hockey,Ice Hockey,"HEJDUK, Milan",CZE,Men,Ice Hockey,Gold
1998,Nagano,Ice Hockey,Ice Hockey,"JAGR, Jaromir",CZE,Men,Ice Hockey,Gold
1998,Nagano,Ice Hockey,Ice Hockey,"KUCERA, Frantisek",CZE,Men,Ice Hockey,Gold
1998,Nagano,Ice Hockey,Ice Hockey,"LANG, Robert",CZE,Men,Ice Hockey,Gold
1998,Nagano,Ice Hockey,Ice Hockey,"MORAVEC, David",CZE,Men,Ice Hockey,Gold
1998,Nagano,Ice Hockey,Ice Hockey,"PATERA, Pavel",CZE,Men,Ice Hockey,Gold
1998,Nagano,Ice Hockey,Ice Hockey,"PROCHAZKA, Libor",CZE,Men,Ice Hockey,Gold
1998,Nagano,Ice Hockey,Ice Hockey,"PROCHAZKA, Martin",CZE,Men,Ice Hockey,Gold
1998,Nagano,Ice Hockey,Ice Hockey,"REICHEL, Robert",CZE,Men,Ice Hockey,Gold
1998,Nagano,Ice Hockey,Ice Hockey,"RUCINSKY, Martin",CZE,Men,Ice Hockey,Gold
1998,Nagano,Ice Hockey,Ice Hockey,"RUZICKA, Vladimir",CZE,Men,Ice Hockey,Gold
1998,Nagano,Ice Hockey,Ice Hockey,"SLEGR, Jiri",CZE,Men,Ice Hockey,Gold
1998,Nagano,Ice Hockey,Ice Hockey,"SMEHLIK, Richard",CZE,Men,Ice Hockey,Gold
1998,Nagano,Ice Hockey,Ice Hockey,"SPACEK, Jaroslav",CZE,Men,Ice Hockey,Gold
1998,Nagano,Ice Hockey,Ice Hockey,"STRAKA, Martin",CZE,Men,Ice Hockey,Gold
1998,Nagano,Ice Hockey,Ice Hockey,"SVOBODA, Petr",CZE,Men,Ice Hockey,Gold
1998,Nagano,Ice Hockey,Ice Hockey,"BURE, Pavel",RUS,Men,Ice Hockey,Silver
1998,Nagano,Ice Hockey,Ice Hockey,"BURE, Valeri",RUS,Men,Ice Hockey,Silver
1998,Nagano,Ice Hockey,Ice Hockey,"CHEVTSOV, Oleg",RUS,Men,Ice Hockey,Silver
1998,Nagano,Ice Hockey,Ice Hockey,"FEDOROV, Sergei",RUS,Men,Ice Hockey,Silver
1998,Nagano,Ice Hockey,Ice Hockey,"GONCHAR, Sergei",RUS,Men,Ice Hockey,Silver
1998,Nagano,Ice Hockey,Ice Hockey,"GOUSSAROV, Aleksei",RUS,Men,Ice Hockey,Silver
1998,Nagano,Ice Hockey,Ice Hockey,"JITNIK, Aleksei",RUS,Men,Ice Hockey,Silver
1998,Nagano,Ice Hockey,Ice Hockey,"KAMENSKY, Valeri",RUS,Men,Ice Hockey,Silver
1998,Nagano,Ice Hockey,Ice Hockey,"KASPARAITIS, Darius",RUS,Men,Ice Hockey,Silver
1998,Nagano,Ice Hockey,Ice Hockey,"KOVALENKO, Andrei",RUS,Men,Ice Hockey,Silver
1998,Nagano,Ice Hockey,Ice Hockey,"KRAVCHUK, Igor",RUS,Men,Ice Hockey,Silver
1998,Nagano,Ice Hockey,Ice Hockey,"KRIVOKRASSOV, Serguei",RUS,Men,Ice Hockey,Silver
1998,Nagano,Ice Hockey,Ice Hockey,"MIRONOV, Boris",RUS,Men,Ice Hockey,Silver
1998,Nagano,Ice Hockey,Ice Hockey,"MIRONOV, Dmitri",RUS,Men,Ice Hockey,Silver
1998,Nagano,Ice Hockey,Ice Hockey,"MOROZOV, Alexei",RUS,Men,Ice Hockey,Silver
1998,Nagano,Ice Hockey,Ice Hockey,"NEMTCHINOV, Serguei",RUS,Men,Ice Hockey,Silver
1998,Nagano,Ice Hockey,Ice Hockey,"SHTALENKOV, Mikhail",RUS,Men,Ice Hockey,Silver
1998,Nagano,Ice Hockey,Ice Hockey,"TITOV, Guerman",RUS,Men,Ice Hockey,Silver
1998,Nagano,Ice Hockey,Ice Hockey,"TREFILOV, Andrei",RUS,Men,Ice Hockey,Silver
1998,Nagano,Ice Hockey,Ice Hockey,"YASHIN, Alexei",RUS,Men,Ice Hockey,Silver
1998,Nagano,Ice Hockey,Ice Hockey,"YUSHKEVICH, Dmitri",RUS,Men,Ice Hockey,Silver
1998,Nagano,Ice Hockey,Ice Hockey,"ZELEPOUKINE, Valeri",RUS,Men,Ice Hockey,Silver
1998,Nagano,Ice Hockey,Ice Hockey,"ZHAMNOV, Alexey",RUS,Men,Ice Hockey,Silver
1998,Nagano,Ice Hockey,Ice Hockey,"FISK, Sari",FIN,Women,Ice Hockey,Bronze
1998,Nagano,Ice Hockey,Ice Hockey,"HANNINEN, Kirsi",FIN,Women,Ice Hockey,Bronze
1998,Nagano,Ice Hockey,Ice Hockey,"HUOTARI, Satu",FIN,Women,Ice Hockey,Bronze
1998,Nagano,Ice Hockey,Ice Hockey,"IHALAINEN, Marianne",FIN,Women,Ice Hockey,Bronze
1998,Nagano,Ice Hockey,Ice Hockey,"IKONEN, Johanna",FIN,Women,Ice Hockey,Bronze
1998,Nagano,Ice Hockey,Ice Hockey,"KROOKS, Sari",FIN,Women,Ice Hockey,Bronze
1998,Nagano,Ice Hockey,Ice Hockey,"LAAKSONEN, Emma",FIN,Women,Ice Hockey,Bronze
1998,Nagano,Ice Hockey,Ice Hockey,"LANKOSAARI, Sanna",FIN,Women,Ice Hockey,Bronze
1998,Nagano,Ice Hockey,Ice Hockey,"LEHTD, Katja",FIN,Women,Ice Hockey,Bronze
1998,Nagano,Ice Hockey,Ice Hockey,"LEHTIMAKI, Marika",FIN,Women,Ice Hockey,Bronze
1998,Nagano,Ice Hockey,Ice Hockey,"NIEMINEN, Riikka",FIN,Women,Ice Hockey,Bronze
1998,Nagano,Ice Hockey,Ice Hockey,"PALVILA, Marja-Helena",FIN,Women,Ice Hockey,Bronze
1998,Nagano,Ice Hockey,Ice Hockey,"PUPUTTI, Tuula",FIN,Women,Ice Hockey,Bronze
1998,Nagano,Ice Hockey,Ice Hockey,"RANTAMAKI, Karoliina",FIN,Women,Ice Hockey,Bronze
1998,Nagano,Ice Hockey,Ice Hockey,"REIMA, Tiia",FIN,Women,Ice Hockey,Bronze
1998,Nagano,Ice Hockey,Ice Hockey,"RIIPI, Katja",FIN,Women,Ice Hockey,Bronze
1998,Nagano,Ice Hockey,Ice Hockey,"SALO, Paivi",FIN,Women,Ice Hockey,Bronze
1998,Nagano,Ice Hockey,Ice Hockey,"SELIN, Maria",FIN,Women,Ice Hockey,Bronze
1998,Nagano,Ice Hockey,Ice Hockey,"SNECK, Liisa-Maria",FIN,Women,Ice Hockey,Bronze
1998,Nagano,Ice Hockey,Ice Hockey,"VAARAKALLIO, Petra",FIN,Women,Ice Hockey,Bronze
1998,Nagano,Ice Hockey,Ice Hockey,"BAILEY, Chris",USA,Women,Ice Hockey,Gold
1998,Nagano,Ice Hockey,Ice Hockey,"BAKER, Laurie",USA,Women,Ice Hockey,Gold
1998,Nagano,Ice Hockey,Ice Hockey,"BLAHOSKI, Alana",USA,Women,Ice Hockey,Gold
1998,Nagano,Ice Hockey,Ice Hockey,"BROWN-MILLER, Lisa",USA,Women,Ice Hockey,Gold
1998,Nagano,Ice Hockey,Ice Hockey,"BYE, Karyn",USA,Women,Ice Hockey,Gold
1998,Nagano,Ice Hockey,Ice Hockey,"COYNE, Colleen",USA,Women,Ice Hockey,Gold
1998,Nagano,Ice Hockey,Ice Hockey,"DECOSTA, Sara",USA,Women,Ice Hockey,Gold
1998,Nagano,Ice Hockey,Ice Hockey,"DUNN-LUOMA, Tricia",USA,Women,Ice Hockey,Gold
1998,Nagano,Ice Hockey,Ice Hockey,"GRANATO, Cammi",USA,Women,Ice Hockey,Gold
1998,Nagano,Ice Hockey,Ice Hockey,"KING, Katie",USA,Women,Ice Hockey,Gold
1998,Nagano,Ice Hockey,Ice Hockey,"LOONEY, Shelley",USA,Women,Ice Hockey,Gold
1998,Nagano,Ice Hockey,Ice Hockey,"MERZ, Sue",USA,Women,Ice Hockey,Gold
1998,Nagano,Ice Hockey,Ice Hockey,"MLECZKO, Allison",USA,Women,Ice Hockey,Gold
1998,Nagano,Ice Hockey,Ice Hockey,"MOUNSEY, Tara",USA,Women,Ice Hockey,Gold
1998,Nagano,Ice Hockey,Ice Hockey,"MOVSESSIAN, Vicki",USA,Women,Ice Hockey,Gold
1998,Nagano,Ice Hockey,Ice Hockey,"POTTER, Jenny",USA,Women,Ice Hockey,Gold
1998,Nagano,Ice Hockey,Ice Hockey,"RUGGIERO, Angela",USA,Women,Ice Hockey,Gold
1998,Nagano,Ice Hockey,Ice Hockey,"TUETING, Sarah",USA,Women,Ice Hockey,Gold
1998,Nagano,Ice Hockey,Ice Hockey,"ULION, Gretchen",USA,Women,Ice Hockey,Gold
1998,Nagano,Ice Hockey,Ice Hockey,"WHYTE, Sandra",USA,Women,Ice Hockey,Gold
1998,Nagano,Ice Hockey,Ice Hockey,"BOTTERILL, Jennifer",CAN,Women,Ice Hockey,Silver
1998,Nagano,Ice Hockey,Ice Hockey,"BRISSON, Therese",CAN,Women,Ice Hockey,Silver
1998,Nagano,Ice Hockey,Ice Hockey,"CAMPBELL, Cassie",CAN,Women,Ice Hockey,Silver
1998,Nagano,Ice Hockey,Ice Hockey,"DIDUCK, Judy",CAN,Women,Ice Hockey,Silver
1998,Nagano,Ice Hockey,Ice Hockey,"DROLET, Nancy",CAN,Women,Ice Hockey,Silver
1998,Nagano,Ice Hockey,Ice Hockey,"DUPUIS, Lori",CAN,Women,Ice Hockey,Silver
1998,Nagano,Ice Hockey,Ice Hockey,"GOYETTE, Danielle",CAN,Women,Ice Hockey,Silver
1998,Nagano,Ice Hockey,Ice Hockey,"HEANEY, Geraldine",CAN,Women,Ice Hockey,Silver
1998,Nagano,Ice Hockey,Ice Hockey,"HEFFORD, Jayna",CAN,Women,Ice Hockey,Silver
1998,Nagano,Ice Hockey,Ice Hockey,"KELLAR, Becky",CAN,Women,Ice Hockey,Silver
1998,Nagano,Ice Hockey,Ice Hockey,"MCCORMACK, Katheryn",CAN,Women,Ice Hockey,Silver
1998,Nagano,Ice Hockey,Ice Hockey,"NYSTROM, Karen",CAN,Women,Ice Hockey,Silver
1998,Nagano,Ice Hockey,Ice Hockey,"REDDON, Lesley",CAN,Women,Ice Hockey,Silver
1998,Nagano,Ice Hockey,Ice Hockey,"RHEAUME, Manon",CAN,Women,Ice Hockey,Silver
1998,Nagano,Ice Hockey,Ice Hockey,"SCHULER, Laura",CAN,Women,Ice Hockey,Silver
1998,Nagano,Ice Hockey,Ice Hockey,"SMITH, Fiona",CAN,Women,Ice Hockey,Silver
1998,Nagano,Ice Hockey,Ice Hockey,"ST-LOUIS, France",CAN,Women,Ice Hockey,Silver
1998,Nagano,Ice Hockey,Ice Hockey,"SUNOHARA, Vicky",CAN,Women,Ice Hockey,Silver
1998,Nagano,Ice Hockey,Ice Hockey,"WICKENHEISER, Hayley",CAN,Women,Ice Hockey,Silver
1998,Nagano,Ice Hockey,Ice Hockey,"WILSON, Stacy",CAN,Women,Ice Hockey,Silver
1998,Nagano,Luge,Luge,"GRIMMETTE, Mark",USA,Men,Doubles,Bronze
1998,Nagano,Luge,Luge,"MARTIN, Brian",USA,Men,Doubles,Bronze
1998,Nagano,Luge,Luge,"BEHRENDT, Jan",GER,Men,Doubles,Gold
1998,Nagano,Luge,Luge,"KRAUSSE, Stefan",GER,Men,Doubles,Gold
1998,Nagano,Luge,Luge,"SHEER, Gordon",USA,Men,Doubles,Silver
1998,Nagano,Luge,Luge,"THORPE, Chris",USA,Men,Doubles,Silver
1998,Nagano,Luge,Luge,"MUELLER, Jens",GER,Men,Singles,Bronze
1998,Nagano,Luge,Luge,"HACKL, Georg",GER,Men,Singles,Gold
1998,Nagano,Luge,Luge,"ZOEGGELER, Armin",ITA,Men,Singles,Silver
1998,Nagano,Luge,Luge,"NEUNER, Angelika",AUT,Women,Singles,Bronze
1998,Nagano,Luge,Luge,"KRAUSHAAR, Silke",GER,Women,Singles,Gold
1998,Nagano,Luge,Luge,"NIEDERNHUBER, Barbara",GER,Women,Singles,Silver
1998,Nagano,Skating,Figure skating,"ANISSINA, Marina",FRA,Women,Ice Dancing,Bronze
1998,Nagano,Skating,Figure skating,"PEIZERAT, Gwendal",FRA,Men,Ice Dancing,Bronze
1998,Nagano,Skating,Figure skating,"GRISCHUK, Pasha",RUS,Women,Ice Dancing,Gold
1998,Nagano,Skating,Figure skating,"PLATOV, Evgeny",RUS,Men,Ice Dancing,Gold
1998,Nagano,Skating,Figure skating,"KRYLOVA, Anjelika",RUS,Women,Ice Dancing,Silver
1998,Nagano,Skating,Figure skating,"OVSYANNIKOV, Oleg",RUS,Men,Ice Dancing,Silver
1998,Nagano,Skating,Figure skating,"CANDELORO, Philippe",FRA,Men,Individual,Bronze
1998,Nagano,Skating,Figure skating,"KULIK, Ilia",RUS,Men,Individual,Gold
1998,Nagano,Skating,Figure skating,"STOJKO, Elvis",CAN,Men,Individual,Silver
1998,Nagano,Skating,Figure skating,"CHEN, Lu",CHN,Women,Individual,Bronze
1998,Nagano,Skating,Figure skating,"LIPINSKI, Tara",USA,Women,Individual,Gold
1998,Nagano,Skating,Figure skating,"KWAN, Michelle",USA,Women,Individual,Silver
1998,Nagano,Skating,Figure skating,"STEUER, Ingo",GER,Men,Pairs,Bronze
1998,Nagano,Skating,Figure skating,"WOTZEL, Mandy",GER,Women,Pairs,Bronze
1998,Nagano,Skating,Figure skating,"DMITRIYEV, Artur",RUS,Men,Pairs,Gold
1998,Nagano,Skating,Figure skating,"KAZAKOVA, Oksana",RUS,Women,Pairs,Gold
1998,Nagano,Skating,Figure skating,"BEREZHNAYA, Elena",RUS,Women,Pairs,Silver
1998,Nagano,Skating,Figure skating,"SIKHARULIDZE, Anton",RUS,Men,Pairs,Silver
1998,Nagano,Skating,Short Track Speed Skating,"BEDARD, Eric",CAN,Men,1000M,Bronze
1998,Nagano,Skating,Short Track Speed Skating,"KIM, Dong-Sung",KOR,Men,1000M,Gold
1998,Nagano,Skating,Short Track Speed Skating,"LI, JiaJun",CHN,Men,1000M,Silver
1998,Nagano,Skating,Short Track Speed Skating,"WON, Hye-Kyung",KOR,Women,1000M,Bronze
1998,Nagano,Skating,Short Track Speed Skating,"CHUN, Lee-Kyung",KOR,Women,1000M,Gold
1998,Nagano,Skating,Short Track Speed Skating,"YANG (S), Yang",CHN,Women,1000M,Silver
1998,Nagano,Skating,Short Track Speed Skating,"BOUDRIAS, Christine",CAN,Women,3000M Relay,Bronze
1998,Nagano,Skating,Short Track Speed Skating,"CHAREST, Isabelle",CAN,Women,3000M Relay,Bronze
1998,Nagano,Skating,Short Track Speed Skating,"PERREAULT, Annie",CAN,Women,3000M Relay,Bronze
1998,Nagano,Skating,Short Track Speed Skating,"VICENT, Tania",CAN,Women,3000M Relay,Bronze
1998,Nagano,Skating,Short Track Speed Skating,"AN, Sang-Mi",KOR,Women,3000M Relay,Gold
1998,Nagano,Skating,Short Track Speed Skating,"CHUN, Lee-Kyung",KOR,Women,3000M Relay,Gold
1998,Nagano,Skating,Short Track Speed Skating,"KIM, Yun-Mi",KOR,Women,3000M Relay,Gold
1998,Nagano,Skating,Short Track Speed Skating,"WON, Hye-Kyung",KOR,Women,3000M Relay,Gold
1998,Nagano,Skating,Short Track Speed Skating,"SUN, Dandan",CHN,Women,3000M Relay,Silver
1998,Nagano,Skating,Short Track Speed Skating,"WANG, Chunlu",CHN,Women,3000M Relay,Silver
1998,Nagano,Skating,Short Track Speed Skating,"YANG (A), Yang",CHN,Women,3000M Relay,Silver
1998,Nagano,Skating,Short Track Speed Skating,"YANG (S), Yang",CHN,Women,3000M Relay,Silver
1998,Nagano,Skating,Short Track Speed Skating,"AN, Yulong",CHN,Men,5000M Relay,Bronze
1998,Nagano,Skating,Short Track Speed Skating,"FENG, Kai",CHN,Men,5000M Relay,Bronze
1998,Nagano,Skating,Short Track Speed Skating,"LI, JiaJun",CHN,Men,5000M Relay,Bronze
1998,Nagano,Skating,Short Track Speed Skating,"YUAN, Ye",CHN,Men,5000M Relay,Bronze
1998,Nagano,Skating,Short Track Speed Skating,"BEDARD, Eric",CAN,Men,5000M Relay,Gold
1998,Nagano,Skating,Short Track Speed Skating,"CAMPBELL, Derrick",CAN,Men,5000M Relay,Gold
1998,Nagano,Skating,Short Track Speed Skating,"DROLET, Francois",CAN,Men,5000M Relay,Gold
1998,Nagano,Skating,Short Track Speed Skating,"GAGNON, Marc",CAN,Men,5000M Relay,Gold
1998,Nagano,Skating,Short Track Speed Skating,"CHAE, Ji-Hoon",KOR,Men,5000M Relay,Silver
1998,Nagano,Skating,Short Track Speed Skating,"KIM, Dong-Sung",KOR,Men,5000M Relay,Silver
1998,Nagano,Skating,Short Track Speed Skating,"LEE, Ho-Eung",KOR,Men,5000M Relay,Silver
1998,Nagano,Skating,Short Track Speed Skating,"LEE, Jun-Hwan",KOR,Men,5000M Relay,Silver
1998,Nagano,Skating,Short Track Speed Skating,"UEMATSU, Hitoshi",JPN,Men,500M,Bronze
1998,Nagano,Skating,Short Track Speed Skating,"NISHITANI, Takafumi",JPN,Men,500M,Gold
1998,Nagano,Skating,Short Track Speed Skating,"AN, Yulong",CHN,Men,500M,Silver
1998,Nagano,Skating,Short Track Speed Skating,"CHUN, Lee-Kyung",KOR,Women,500M,Bronze
1998,Nagano,Skating,Short Track Speed Skating,"PERREAULT, Annie",CAN,Women,500M,Gold
1998,Nagano,Skating,Short Track Speed Skating,"YANG (S), Yang",CHN,Women,500M,Silver
1998,Nagano,Skating,Speed skating,"RITSMA, Rintje",NED,Men,10000M,Bronze
1998,Nagano,Skating,Speed skating,"ROMME, Gianni",NED,Men,10000M,Gold
1998,Nagano,Skating,Speed skating,"de JONG, Bob",NED,Men,10000M,Silver
1998,Nagano,Skating,Speed skating,"SHIMIZU, Hiroyasu",JPN,Men,1000M,Bronze
1998,Nagano,Skating,Speed skating,"POSTMA, Ids",NED,Men,1000M,Gold
1998,Nagano,Skating,Speed skating,"BOS, Jan",NED,Men,1000M,Silver
1998,Nagano,Skating,Speed skating,"LEMAY DOAN, Catriona",CAN,Women,1000M,Bronze
1998,Nagano,Skating,Speed skating,"TIMMER, Marianne",NED,Women,1000M,Gold
1998,Nagano,Skating,Speed skating,"WITTY, Christine",USA,Women,1000M,Silver
1998,Nagano,Skating,Speed skating,"RITSMA, Rintje",NED,Men,1500M,Bronze
1998,Nagano,Skating,Speed skating,"SONDRAL, Adne",NOR,Men,1500M,Gold
1998,Nagano,Skating,Speed skating,"POSTMA, Ids",NED,Men,1500M,Silver
1998,Nagano,Skating,Speed skating,"WITTY, Christine",USA,Women,1500M,Bronze
1998,Nagano,Skating,Speed skating,"TIMMER, Marianne",NED,Women,1500M,Gold
1998,Nagano,Skating,Speed skating,"NIEMANN-STIRNEMANN, Gunda",GER,Women,1500M,Silver
1998,Nagano,Skating,Speed skating,"FRIESINGER-POSTMA, Anna",GER,Women,3000M,Bronze
1998,Nagano,Skating,Speed skating,"NIEMANN-STIRNEMANN, Gunda",GER,Women,3000M,Gold
1998,Nagano,Skating,Speed skating,"PECHSTEIN, Claudia",GER,Women,3000M,Silver
1998,Nagano,Skating,Speed skating,"VELDKAMP, Bart",BEL,Men,5000M,Bronze
1998,Nagano,Skating,Speed skating,"ROMME, Gianni",NED,Men,5000M,Gold
1998,Nagano,Skating,Speed skating,"RITSMA, Rintje",NED,Men,5000M,Silver
1998,Nagano,Skating,Speed skating,"PROKASHEVA, Lyudmila",KAZ,Women,5000M,Bronze
1998,Nagano,Skating,Speed skating,"PECHSTEIN, Claudia",GER,Women,5000M,Gold
1998,Nagano,Skating,Speed skating,"NIEMANN-STIRNEMANN, Gunda",GER,Women,5000M,Silver
1998,Nagano,Skating,Speed skating,"OVERLAND, Kevin",CAN,Men,500M,Bronze
1998,Nagano,Skating,Speed skating,"SHIMIZU, Hiroyasu",JPN,Men,500M,Gold
1998,Nagano,Skating,Speed skating,"WOTHERSPOON, Jeremy",CAN,Men,500M,Silver
1998,Nagano,Skating,Speed skating,"OKAZAKI, Tomomi",JPN,Women,500M,Bronze
1998,Nagano,Skating,Speed skating,"LEMAY DOAN, Catriona",CAN,Women,500M,Gold
1998,Nagano,Skating,Speed skating,"AUCH, Susan",CAN,Women,500M,Silver
1998,Nagano,Skiing,Alpine Skiing,"MAYER, Christian",AUT,Men,Alpine Combined,Bronze
1998,Nagano,Skiing,Alpine Skiing,"REITER, Mario",AUT,Men,Alpine Combined,Gold
1998,Nagano,Skiing,Alpine Skiing,"KJUS, Lasse",NOR,Men,Alpine Combined,Silver
1998,Nagano,Skiing,Alpine Skiing,"GERG, Hilde",GER,Women,Alpine Combined,Bronze
1998,Nagano,Skiing,Alpine Skiing,"SEIZINGER, Katja",GER,Women,Alpine Combined,Gold
1998,Nagano,Skiing,Alpine Skiing,"ERTL, Martina",GER,Women,Alpine Combined,Silver
1998,Nagano,Skiing,Alpine Skiing,"TRINKL, Hannes",AUT,Men,Downhill,Bronze
1998,Nagano,Skiing,Alpine Skiing,"CRETIER, Jean-Luc",FRA,Men,Downhill,Gold
1998,Nagano,Skiing,Alpine Skiing,"KJUS, Lasse",NOR,Men,Downhill,Silver
1998,Nagano,Skiing,Alpine Skiing,"MASNADA, Florence",FRA,Women,Downhill,Bronze
1998,Nagano,Skiing,Alpine Skiing,"SEIZINGER, Katja",GER,Women,Downhill,Gold
1998,Nagano,Skiing,Alpine Skiing,"WIBERG, Pernilla",SWE,Women,Downhill,Silver
1998,Nagano,Skiing,Alpine Skiing,"VON GRUENIGEN, Michael",SUI,Men,Giant Slalom,Bronze
1998,Nagano,Skiing,Alpine Skiing,"MAIER, Hermann",AUT,Men,Giant Slalom,Gold
1998,Nagano,Skiing,Alpine Skiing,"EBERHARTER, Stephan",AUT,Men,Giant Slalom,Silver
1998,Nagano,Skiing,Alpine Skiing,"SEIZINGER, Katja",GER,Women,Giant Slalom,Bronze
1998,Nagano,Skiing,Alpine Skiing,"COMPAGNONI, Deborah",ITA,Women,Giant Slalom,Gold
1998,Nagano,Skiing,Alpine Skiing,"MEISSNITZER, Alexandra",AUT,Women,Giant Slalom,Silver
1998,Nagano,Skiing,Alpine Skiing,"SYKORA, Thomas",AUT,Men,Slalom,Bronze
1998,Nagano,Skiing,Alpine Skiing,"BURAAS, Hans-Petter",NOR,Men,Slalom,Gold
1998,Nagano,Skiing,Alpine Skiing,"FURUSETH, Ole Christian",NOR,Men,Slalom,Silver
1998,Nagano,Skiing,Alpine Skiing,"STEGGALL, Zali",AUS,Women,Slalom,Bronze
1998,Nagano,Skiing,Alpine Skiing,"GERG, Hilde",GER,Women,Slalom,Gold
1998,Nagano,Skiing,Alpine Skiing,"COMPAGNONI, Deborah",ITA,Women,Slalom,Silver
1998,Nagano,Skiing,Alpine Skiing,"MAIER, Hermann",AUT,Men,Super-G,Gold
1998,Nagano,Skiing,Alpine Skiing,"KNAUSS, Hans",AUT,Men,Super-G,Silver
1998,Nagano,Skiing,Alpine Skiing,"CUCHE, Didier",SUI,Men,Super-G,Silver
1998,Nagano,Skiing,Alpine Skiing,"MEISSNITZER, Alexandra",AUT,Women,Super-G,Bronze
1998,Nagano,Skiing,Alpine Skiing,"STREET, Picabo",USA,Women,Super-G,Gold
1998,Nagano,Skiing,Alpine Skiing,"DORFMEISTER, Michaela",AUT,Women,Super-G,Silver
1998,Nagano,Skiing,Cross Country Skiing,"MYLLYLAE, Mika",FIN,Men,10KM Pursuit,Bronze
1998,Nagano,Skiing,Cross Country Skiing,"DAEHLIE, BjÃ¶rn",NOR,Men,10KM Pursuit,Gold
1998,Nagano,Skiing,Cross Country Skiing,"GANDLER, Markus",AUT,Men,10KM Pursuit,Silver
1998,Nagano,Skiing,Cross Country Skiing,"MOEN, Anita",NOR,Women,15KM Mass Start,Bronze
1998,Nagano,Skiing,Cross Country Skiing,"DANILOVA, Olga",RUS,Women,15KM Mass Start,Gold
1998,Nagano,Skiing,Cross Country Skiing,"LAZUTINA, Larissa",RUS,Women,15KM Mass Start,Silver
1998,Nagano,Skiing,Cross Country Skiing,"LAZUTINA, Larissa",RUS,Women,30KM,Bronze
1998,Nagano,Skiing,Cross Country Skiing,"TCHEPALOVA, Julija",RUS,Women,30KM,Gold
1998,Nagano,Skiing,Cross Country Skiing,"BELMONDO, Stefania",ITA,Women,30KM,Silver
1998,Nagano,Skiing,Cross Country Skiing,"FAUNER, Silvio",ITA,Men,30KM Mass Start,Bronze
1998,Nagano,Skiing,Cross Country Skiing,"MYLLYLAE, Mika",FIN,Men,30KM Mass Start,Gold
1998,Nagano,Skiing,Cross Country Skiing,"JEVNE, Erling",NOR,Men,30KM Mass Start,Silver
1998,Nagano,Skiing,Cross Country Skiing,"ISOMETSA, Jari",FIN,Men,4X10KM Relay,Bronze
1998,Nagano,Skiing,Cross Country Skiing,"KIRVESNIEMI, Harri",FIN,Men,4X10KM Relay,Bronze
1998,Nagano,Skiing,Cross Country Skiing,"MYLLYLAE, Mika",FIN,Men,4X10KM Relay,Bronze
1998,Nagano,Skiing,Cross Country Skiing,"REPO, Sami",FIN,Men,4X10KM Relay,Bronze
1998,Nagano,Skiing,Cross Country Skiing,"ALSGAARD, Thomas",NOR,Men,4X10KM Relay,Gold
1998,Nagano,Skiing,Cross Country Skiing,"DAEHLIE, BjÃ¶rn",NOR,Men,4X10KM Relay,Gold
1998,Nagano,Skiing,Cross Country Skiing,"JEVNE, Erling",NOR,Men,4X10KM Relay,Gold
1998,Nagano,Skiing,Cross Country Skiing,"SIVERTSEN, Sture",NOR,Men,4X10KM Relay,Gold
1998,Nagano,Skiing,Cross Country Skiing,"ALBARELLO, Marco",ITA,Men,4X10KM Relay,Silver
1998,Nagano,Skiing,Cross Country Skiing,"FAUNER, Silvio",ITA,Men,4X10KM Relay,Silver
1998,Nagano,Skiing,Cross Country Skiing,"MAY, Fabio",ITA,Men,4X10KM Relay,Silver
1998,Nagano,Skiing,Cross Country Skiing,"VALBUSA, Fulvio",ITA,Men,4X10KM Relay,Silver
1998,Nagano,Skiing,Cross Country Skiing,"BELMONDO, Stefania",ITA,Women,4X5KM Relay,Bronze
1998,Nagano,Skiing,Cross Country Skiing,"DI CENTA, Manuela",ITA,Women,4X5KM Relay,Bronze
1998,Nagano,Skiing,Cross Country Skiing,"MORODER, Karin",ITA,Women,4X5KM Relay,Bronze
1998,Nagano,Skiing,Cross Country Skiing,"PARUZZI, Gabriella",ITA,Women,4X5KM Relay,Bronze
1998,Nagano,Skiing,Cross Country Skiing,"DANILOVA, Olga",RUS,Women,4X5KM Relay,Gold
1998,Nagano,Skiing,Cross Country Skiing,"GAVRILJUK, Nina",RUS,Women,4X5KM Relay,Gold
1998,Nagano,Skiing,Cross Country Skiing,"LAZUTINA, Larissa",RUS,Women,4X5KM Relay,Gold
1998,Nagano,Skiing,Cross Country Skiing,"VAELBE, Elena",RUS,Women,4X5KM Relay,Gold
1998,Nagano,Skiing,Cross Country Skiing,"MIKKELSPLASS, Marit",NOR,Women,4X5KM Relay,Silver
1998,Nagano,Skiing,Cross Country Skiing,"MOEN, Anita",NOR,Women,4X5KM Relay,Silver
1998,Nagano,Skiing,Cross Country Skiing,"NILSEN, Elin",NOR,Women,4X5KM Relay,Silver
1998,Nagano,Skiing,Cross Country Skiing,"SKARI, Bente",NOR,Women,4X5KM Relay,Silver
1998,Nagano,Skiing,Cross Country Skiing,"HOFFMANN, Christian",AUT,Men,50KM,Bronze
1998,Nagano,Skiing,Cross Country Skiing,"DAEHLIE, BjÃ¶rn",NOR,Men,50KM,Gold
1998,Nagano,Skiing,Cross Country Skiing,"JONSSON, Niklas",SWE,Men,50KM,Silver
1998,Nagano,Skiing,Cross Country Skiing,"SKARI, Bente",NOR,Women,5KM,Bronze
1998,Nagano,Skiing,Cross Country Skiing,"LAZUTINA, Larissa",RUS,Women,5KM,Gold
1998,Nagano,Skiing,Cross Country Skiing,"NEUMANNOVA, Katerina",CZE,Women,5KM,Silver
1998,Nagano,Skiing,Cross Country Skiing,"SMIRNOV, Vladimir",KAZ,Men,Combined 10KM + 15KM Pursuit,Bronze
1998,Nagano,Skiing,Cross Country Skiing,"ALSGAARD, Thomas",NOR,Men,Combined 10KM + 15KM Pursuit,Gold
1998,Nagano,Skiing,Cross Country Skiing,"DAEHLIE, BjÃ¶rn",NOR,Men,Combined 10KM + 15KM Pursuit,Silver
1998,Nagano,Skiing,Cross Country Skiing,"NEUMANNOVA, Katerina",CZE,Women,Combined 5KM + 10KM Pursuit,Bronze
1998,Nagano,Skiing,Cross Country Skiing,"LAZUTINA, Larissa",RUS,Women,Combined 5KM + 10KM Pursuit,Gold
1998,Nagano,Skiing,Cross Country Skiing,"DANILOVA, Olga",RUS,Women,Combined 5KM + 10KM Pursuit,Silver
1998,Nagano,Skiing,Freestyle Skiing,"DASHCHINSKY, Dmitri",BLR,Men,Aerials,Bronze
1998,Nagano,Skiing,Freestyle Skiing,"BERGOUST, Eric",USA,Men,Aerials,Gold
1998,Nagano,Skiing,Freestyle Skiing,"FOUCRAS, Sebastien",FRA,Men,Aerials,Silver
1998,Nagano,Skiing,Freestyle Skiing,"BRAND, Colette",SUI,Women,Aerials,Bronze
1998,Nagano,Skiing,Freestyle Skiing,"STONE, Nikki",USA,Women,Aerials,Gold
1998,Nagano,Skiing,Freestyle Skiing,"XU, Nannan",CHN,Women,Aerials,Silver
1998,Nagano,Skiing,Freestyle Skiing,"MUSTONEN, Sami",FIN,Men,Moguls,Bronze
1998,Nagano,Skiing,Freestyle Skiing,"MOSELEY, Jonny",USA,Men,Moguls,Gold
1998,Nagano,Skiing,Freestyle Skiing,"LAHTELA, Janne",FIN,Men,Moguls,Silver
1998,Nagano,Skiing,Freestyle Skiing,"TRAA, Kari",NOR,Women,Moguls,Bronze
1998,Nagano,Skiing,Freestyle Skiing,"SATOYA, Tae",JPN,Women,Moguls,Gold
1998,Nagano,Skiing,Freestyle Skiing,"MITTERMAYER, Tatjana",GER,Women,Moguls,Silver
1998,Nagano,Skiing,Nordic Combined,"STOLJAROV, Valerij",RUS,Men,Individual,Bronze
1998,Nagano,Skiing,Nordic Combined,"VIK, Bjarte Engen",NOR,Men,Individual,Gold
1998,Nagano,Skiing,Nordic Combined,"LAJUNEN, Samppa",FIN,Men,Individual,Silver
1998,Nagano,Skiing,Nordic Combined,"BAL, Nicolas",FRA,Men,Team,Bronze
1998,Nagano,Skiing,Nordic Combined,"GUILLAUME, Sylvain",FRA,Men,Team,Bronze
1998,Nagano,Skiing,Nordic Combined,"GUY, Fabrice",FRA,Men,Team,Bronze
1998,Nagano,Skiing,Nordic Combined,"ROUX, Ludovic",FRA,Men,Team,Bronze
1998,Nagano,Skiing,Nordic Combined,"BRAATEN, Kenneth",NOR,Men,Team,Gold
1998,Nagano,Skiing,Nordic Combined,"LUNDBERG, Fred Boerre",NOR,Men,Team,Gold
1998,Nagano,Skiing,Nordic Combined,"SKARD, Halldor",NOR,Men,Team,Gold
1998,Nagano,Skiing,Nordic Combined,"VIK, Bjarte Engen",NOR,Men,Team,Gold
1998,Nagano,Skiing,Nordic Combined,"LAJUNEN, Samppa",FIN,Men,Team,Silver
1998,Nagano,Skiing,Nordic Combined,"MANNINEN, Hannu",FIN,Men,Team,Silver
1998,Nagano,Skiing,Nordic Combined,"MANTILA, Jari",FIN,Men,Team,Silver
1998,Nagano,Skiing,Nordic Combined,"NURMELA, Tapio",FIN,Men,Team,Silver
1998,Nagano,Skiing,Ski Jumping,"HARADA, Masahiko",JPN,Men,K120 Individual (90M),Bronze
1998,Nagano,Skiing,Ski Jumping,"FUNAKI, Kazuyoshi",JPN,Men,K120 Individual (90M),Gold
1998,Nagano,Skiing,Ski Jumping,"SOININEN, Jani",FIN,Men,K120 Individual (90M),Silver
1998,Nagano,Skiing,Ski Jumping,"HOELLWARTH, Martin",AUT,Men,K120 Team (90M),Bronze
1998,Nagano,Skiing,Ski Jumping,"HORNGACHER, Stefan",AUT,Men,K120 Team (90M),Bronze
1998,Nagano,Skiing,Ski Jumping,"SCHWARZENBERGER, Reinhard",AUT,Men,K120 Team (90M),Bronze
1998,Nagano,Skiing,Ski Jumping,"WIDHOELZL, Andreas",AUT,Men,K120 Team (90M),Bronze
1998,Nagano,Skiing,Ski Jumping,"FUNAKI, Kazuyoshi",JPN,Men,K120 Team (90M),Gold
1998,Nagano,Skiing,Ski Jumping,"HARADA, Masahiko",JPN,Men,K120 Team (90M),Gold
1998,Nagano,Skiing,Ski Jumping,"OKABE, Takanobu",JPN,Men,K120 Team (90M),Gold
1998,Nagano,Skiing,Ski Jumping,"SAITO, Hiroya",JPN,Men,K120 Team (90M),Gold
1998,Nagano,Skiing,Ski Jumping,"HANNAWALD, Sven",GER,Men,K120 Team (90M),Silver
1998,Nagano,Skiing,Ski Jumping,"JAEKLE, Hansjoerg",GER,Men,K120 Team (90M),Silver
1998,Nagano,Skiing,Ski Jumping,"SCHMITT, Martin",GER,Men,K120 Team (90M),Silver
1998,Nagano,Skiing,Ski Jumping,"THOMA, Dieter",GER,Men,K120 Team (90M),Silver
1998,Nagano,Skiing,Ski Jumping,"WIDHOELZL, Andreas",AUT,Men,K90 Individual (70M),Bronze
1998,Nagano,Skiing,Ski Jumping,"SOININEN, Jani",FIN,Men,K90 Individual (70M),Gold
1998,Nagano,Skiing,Ski Jumping,"FUNAKI, Kazuyoshi",JPN,Men,K90 Individual (70M),Silver
1998,Nagano,Skiing,Snowboard,"KESTENHOLZ, Ueli",SUI,Men,Giant-Slalom,Bronze
1998,Nagano,Skiing,Snowboard,"REBAGLIATI, Ross",CAN,Men,Giant-Slalom,Gold
1998,Nagano,Skiing,Snowboard,"PRUGGER, Thomas",ITA,Men,Giant-Slalom,Silver
1998,Nagano,Skiing,Snowboard,"KOECK, Brigitte",AUT,Women,Giant-Slalom,Bronze
1998,Nagano,Skiing,Snowboard,"RUBY, Karine",FRA,Women,Giant-Slalom,Gold
1998,Nagano,Skiing,Snowboard,"RENOTH, Heidi Maria",GER,Women,Giant-Slalom,Silver
1998,Nagano,Skiing,Snowboard,"POWERS, Ross",USA,Men,Half-Pipe,Bronze
1998,Nagano,Skiing,Snowboard,"SIMMEN, Gian",SUI,Men,Half-Pipe,Gold
1998,Nagano,Skiing,Snowboard,"FRANCK, Daniel",NOR,Men,Half-Pipe,Silver
1998,Nagano,Skiing,Snowboard,"DUNN-DOWNING, Shannon",USA,Women,Half-Pipe,Bronze
1998,Nagano,Skiing,Snowboard,"THOST, Nicola",GER,Women,Half-Pipe,Gold
1998,Nagano,Skiing,Snowboard,"KJELDAAS, Stine Brun",NOR,Women,Half-Pipe,Silver
2002,Salt Lake City,Biathlon,Biathlon,"PERNER, Wolfgang",AUT,Men,10KM,Bronze
2002,Salt Lake City,Biathlon,Biathlon,"BJOERNDALEN, Ole Einar",NOR,Men,10KM,Gold
2002,Salt Lake City,Biathlon,Biathlon,"FISCHER, Sven",GER,Men,10KM,Silver
2002,Salt Lake City,Biathlon,Biathlon,"NIKOULTCHINA, Irina",BUL,Women,10KM Pursuit,Bronze
2002,Salt Lake City,Biathlon,Biathlon,"PYLEVA, Olga",RUS,Women,10KM Pursuit,Gold
2002,Salt Lake City,Biathlon,Biathlon,"WILHELM, Kati",GER,Women,10KM Pursuit,Silver
2002,Salt Lake City,Biathlon,Biathlon,"GROSS, Ricco",GER,Men,12.5Km Pursuit,Bronze
2002,Salt Lake City,Biathlon,Biathlon,"BJOERNDALEN, Ole Einar",NOR,Men,12.5Km Pursuit,Gold
2002,Salt Lake City,Biathlon,Biathlon,"POIREE, Raphael",FRA,Men,12.5Km Pursuit,Silver
2002,Salt Lake City,Biathlon,Biathlon,"FORSBERG, Magdalena",SWE,Women,15KM,Bronze
2002,Salt Lake City,Biathlon,Biathlon,"HENKEL, Andrea",GER,Women,15KM,Gold
2002,Salt Lake City,Biathlon,Biathlon,"POIREE, Liv Grete",NOR,Women,15KM,Silver
2002,Salt Lake City,Biathlon,Biathlon,"MAIGOUROV, Victor",RUS,Men,20KM,Bronze
2002,Salt Lake City,Biathlon,Biathlon,"BJOERNDALEN, Ole Einar",NOR,Men,20KM,Gold
2002,Salt Lake City,Biathlon,Biathlon,"LUCK, Frank",GER,Men,20KM,Silver
2002,Salt Lake City,Biathlon,Biathlon,"DEFRASNE, Vincent",FRA,Men,4X7.5KM Relay,Bronze
2002,Salt Lake City,Biathlon,Biathlon,"MARGUET, Gilles",FRA,Men,4X7.5KM Relay,Bronze
2002,Salt Lake City,Biathlon,Biathlon,"POIREE, Raphael",FRA,Men,4X7.5KM Relay,Bronze
2002,Salt Lake City,Biathlon,Biathlon,"ROBERT, Julien",FRA,Men,4X7.5KM Relay,Bronze
2002,Salt Lake City,Biathlon,Biathlon,"ANDRESEN, Frode",NOR,Men,4X7.5KM Relay,Gold
2002,Salt Lake City,Biathlon,Biathlon,"BJOERNDALEN, Ole Einar",NOR,Men,4X7.5KM Relay,Gold
2002,Salt Lake City,Biathlon,Biathlon,"GJELLAND, Egil",NOR,Men,4X7.5KM Relay,Gold
2002,Salt Lake City,Biathlon,Biathlon,"HANEVOLD, Halvard",NOR,Men,4X7.5KM Relay,Gold
2002,Salt Lake City,Biathlon,Biathlon,"FISCHER, Sven",GER,Men,4X7.5KM Relay,Silver
2002,Salt Lake City,Biathlon,Biathlon,"GROSS, Ricco",GER,Men,4X7.5KM Relay,Silver
2002,Salt Lake City,Biathlon,Biathlon,"LUCK, Frank",GER,Men,4X7.5KM Relay,Silver
2002,Salt Lake City,Biathlon,Biathlon,"SENDEL, Peter",GER,Men,4X7.5KM Relay,Silver
2002,Salt Lake City,Biathlon,Biathlon,"AKHATOVA, Albina",RUS,Women,4X7.5KM Relay,Bronze
2002,Salt Lake City,Biathlon,Biathlon,"ISHMOURATOVA, Svetlana",RUS,Women,4X7.5KM Relay,Bronze
2002,Salt Lake City,Biathlon,Biathlon,"KOUKLEVA, Galina",RUS,Women,4X7.5KM Relay,Bronze
2002,Salt Lake City,Biathlon,Biathlon,"PYLEVA, Olga",RUS,Women,4X7.5KM Relay,Bronze
2002,Salt Lake City,Biathlon,Biathlon,"APEL, Katrin",GER,Women,4X7.5KM Relay,Gold
2002,Salt Lake City,Biathlon,Biathlon,"DISL, Uschi",GER,Women,4X7.5KM Relay,Gold
2002,Salt Lake City,Biathlon,Biathlon,"HENKEL, Andrea",GER,Women,4X7.5KM Relay,Gold
2002,Salt Lake City,Biathlon,Biathlon,"WILHELM, Kati",GER,Women,4X7.5KM Relay,Gold
2002,Salt Lake City,Biathlon,Biathlon,"ANDREASSEN, Gunn Margit",NOR,Women,4X7.5KM Relay,Silver
2002,Salt Lake City,Biathlon,Biathlon,"POIREE, Liv Grete",NOR,Women,4X7.5KM Relay,Silver
2002,Salt Lake City,Biathlon,Biathlon,"SKJELBREID, Ann Elen",NOR,Women,4X7.5KM Relay,Silver
2002,Salt Lake City,Biathlon,Biathlon,"TJOERHOM, Linda",NOR,Women,4X7.5KM Relay,Silver
2002,Salt Lake City,Biathlon,Biathlon,"FORSBERG, Magdalena",SWE,Women,7.5KM,Bronze
2002,Salt Lake City,Biathlon,Biathlon,"WILHELM, Kati",GER,Women,7.5KM,Gold
2002,Salt Lake City,Biathlon,Biathlon,"DISL, Uschi",GER,Women,7.5KM,Silver
2002,Salt Lake City,Bobsleigh,Bobsleigh,"KOHN, Mike",USA,Men,Four-Man,Bronze
2002,Salt Lake City,Bobsleigh,Bobsleigh,"SHARP, Doug",USA,Men,Four-Man,Bronze
2002,Salt Lake City,Bobsleigh,Bobsleigh,"SHIMER, Brian",USA,Men,Four-Man,Bronze
2002,Salt Lake City,Bobsleigh,Bobsleigh,"STEELE, Dan",USA,Men,Four-Man,Bronze
2002,Salt Lake City,Bobsleigh,Bobsleigh,"EMBACH, Carsten",GER,Men,Four-Man,Gold
2002,Salt Lake City,Bobsleigh,Bobsleigh,"KUEHN, Enrico",GER,Men,Four-Man,Gold
2002,Salt Lake City,Bobsleigh,Bobsleigh,"KUSKE, Kevin",GER,Men,Four-Man,Gold
2002,Salt Lake City,Bobsleigh,Bobsleigh,"LANGE, Andre",GER,Men,Four-Man,Gold
2002,Salt Lake City,Bobsleigh,Bobsleigh,"HAYS, Todd",USA,Men,Four-Man,Silver
2002,Salt Lake City,Bobsleigh,Bobsleigh,"HINES, Garrett",USA,Men,Four-Man,Silver
2002,Salt Lake City,Bobsleigh,Bobsleigh,"JONES, Randy",USA,Men,Four-Man,Silver
2002,Salt Lake City,Bobsleigh,Bobsleigh,"SCHUFFENHAUER, Bill",USA,Men,Four-Man,Silver
2002,Salt Lake City,Bobsleigh,Bobsleigh,"ANNEN, Martin",SUI,Men,Two-Man,Bronze
2002,Salt Lake City,Bobsleigh,Bobsleigh,"HEFTI, Beat",SUI,Men,Two-Man,Bronze
2002,Salt Lake City,Bobsleigh,Bobsleigh,"LANGEN, Christoph",GER,Men,Two-Man,Gold
2002,Salt Lake City,Bobsleigh,Bobsleigh,"ZIMMERMANN, Markus",GER,Men,Two-Man,Gold
2002,Salt Lake City,Bobsleigh,Bobsleigh,"ANDERHUB, Steve",SUI,Men,Two-Man,Silver
2002,Salt Lake City,Bobsleigh,Bobsleigh,"REICH, Christian",SUI,Men,Two-Man,Silver
2002,Salt Lake City,Bobsleigh,Bobsleigh,"ERDMANN, Susi-Lisa",GER,Women,Two-Man,Bronze
2002,Salt Lake City,Bobsleigh,Bobsleigh,"HERSCHMANN, Nicole",GER,Women,Two-Man,Bronze
2002,Salt Lake City,Bobsleigh,Bobsleigh,"BAKKEN, Jill",USA,Women,Two-Man,Gold
2002,Salt Lake City,Bobsleigh,Bobsleigh,"FLOWERS, Vonetta",USA,Women,Two-Man,Gold
2002,Salt Lake City,Bobsleigh,Bobsleigh,"HOLZNER, Ulrike",GER,Women,Two-Man,Silver
2002,Salt Lake City,Bobsleigh,Bobsleigh,"KIRIASIS, Sandra",GER,Women,Two-Man,Silver
2002,Salt Lake City,Bobsleigh,Skeleton,"STAEHLI, Gregor",SUI,Men,Individual,Bronze
2002,Salt Lake City,Bobsleigh,Skeleton,"SHEA, Jim",USA,Men,Individual,Gold
2002,Salt Lake City,Bobsleigh,Skeleton,"RETTL, Martin",AUT,Men,Individual,Silver
2002,Salt Lake City,Bobsleigh,Skeleton,"COOMBER, Alex",GBR,Women,Individual,Bronze
2002,Salt Lake City,Bobsleigh,Skeleton,"GALE, Tristan",USA,Women,Individual,Gold
2002,Salt Lake City,Bobsleigh,Skeleton,"PARSLEY, Lea Ann",USA,Women,Individual,Silver
2002,Salt Lake City,Curling,Curling,"EGGLER, Markus",SUI,Men,Curling,Bronze
2002,Salt Lake City,Curling,Curling,"GRICHTING, Damian",SUI,Men,Curling,Bronze
2002,Salt Lake City,Curling,Curling,"RAMSTEIN, Marco",SUI,Men,Curling,Bronze
2002,Salt Lake City,Curling,Curling,"SCHWALLER, Andreas",SUI,Men,Curling,Bronze
2002,Salt Lake City,Curling,Curling,"SCHWALLER, Christof",SUI,Men,Curling,Bronze
2002,Salt Lake City,Curling,Curling,"DAVANGER, Flemming",NOR,Men,Curling,Gold
2002,Salt Lake City,Curling,Curling,"NERGAARD, Torger",NOR,Men,Curling,Gold
2002,Salt Lake City,Curling,Curling,"RAMSFJELL, Bent Aanund",NOR,Men,Curling,Gold
2002,Salt Lake City,Curling,Curling,"TRULSEN, Paal",NOR,Men,Curling,Gold
2002,Salt Lake City,Curling,Curling,"VAAGBERG, Lars",NOR,Men,Curling,Gold
2002,Salt Lake City,Curling,Curling,"BARTLETT, Don",CAN,Men,Curling,Silver
2002,Salt Lake City,Curling,Curling,"MARTIN, Kevin",CAN,Men,Curling,Silver
2002,Salt Lake City,Curling,Curling,"RYCROFT, Carter",CAN,Men,Curling,Silver
2002,Salt Lake City,Curling,Curling,"TRALNBERG, Ken",CAN,Men,Curling,Silver
2002,Salt Lake City,Curling,Curling,"WALCHUK, Don",CAN,Men,Curling,Silver
2002,Salt Lake City,Curling,Curling,"LAW, Kelley",CAN,Women,Curling,Bronze
2002,Salt Lake City,Curling,Curling,"NELSON, Diane",CAN,Women,Curling,Bronze
2002,Salt Lake City,Curling,Curling,"NOBLE, Cheryl",CAN,Women,Curling,Bronze
2002,Salt Lake City,Curling,Curling,"SKINNER, Julie",CAN,Women,Curling,Bronze
2002,Salt Lake City,Curling,Curling,"WHEATCROFT, Georgina",CAN,Women,Curling,Bronze
2002,Salt Lake City,Curling,Curling,"KNOX, Debbie",GBR,Women,Curling,Gold
2002,Salt Lake City,Curling,Curling,"MACDONALD, Fiona",GBR,Women,Curling,Gold
2002,Salt Lake City,Curling,Curling,"MARTIN, Rhona",GBR,Women,Curling,Gold
2002,Salt Lake City,Curling,Curling,"MORTON, Margaret",GBR,Women,Curling,Gold
2002,Salt Lake City,Curling,Curling,"RANKIN, Janice",GBR,Women,Curling,Gold
2002,Salt Lake City,Curling,Curling,"BIDAUD, Laurence",SUI,Women,Curling,Silver
2002,Salt Lake City,Curling,Curling,"EBNOETHER, Luzia",SUI,Women,Curling,Silver
2002,Salt Lake City,Curling,Curling,"FREI, Tanya",SUI,Women,Curling,Silver
2002,Salt Lake City,Curling,Curling,"OTT, Mirjam",SUI,Women,Curling,Silver
2002,Salt Lake City,Curling,Curling,"ROETHLISBERGER, Nadia",SUI,Women,Curling,Silver
2002,Salt Lake City,Ice Hockey,Ice Hockey,"AFINOGENOV, Maxim",RUS,Men,Ice Hockey,Bronze
2002,Salt Lake City,Ice Hockey,Ice Hockey,"BRYZGALOV, Ilja",RUS,Men,Ice Hockey,Bronze
2002,Salt Lake City,Ice Hockey,Ice Hockey,"BURE, Pavel",RUS,Men,Ice Hockey,Bronze
2002,Salt Lake City,Ice Hockey,Ice Hockey,"BURE, Valeri",RUS,Men,Ice Hockey,Bronze
2002,Salt Lake City,Ice Hockey,Ice Hockey,"DATSYUK, Pavel",RUS,Men,Ice Hockey,Bronze
2002,Salt Lake City,Ice Hockey,Ice Hockey,"FEDOROV, Sergei",RUS,Men,Ice Hockey,Bronze
2002,Salt Lake City,Ice Hockey,Ice Hockey,"GONCHAR, Sergei",RUS,Men,Ice Hockey,Bronze
2002,Salt Lake City,Ice Hockey,Ice Hockey,"KASPARAITIS, Darius",RUS,Men,Ice Hockey,Bronze
2002,Salt Lake City,Ice Hockey,Ice Hockey,"KHABIBULIN, Nikolai",RUS,Men,Ice Hockey,Bronze
2002,Salt Lake City,Ice Hockey,Ice Hockey,"KOVALCHUK, Ilya",RUS,Men,Ice Hockey,Bronze
2002,Salt Lake City,Ice Hockey,Ice Hockey,"KOVALEV, Alexei",RUS,Men,Ice Hockey,Bronze
2002,Salt Lake City,Ice Hockey,Ice Hockey,"KRAVCHUK, Igor",RUS,Men,Ice Hockey,Bronze
2002,Salt Lake City,Ice Hockey,Ice Hockey,"KVASHA, Oleg",RUS,Men,Ice Hockey,Bronze
2002,Salt Lake City,Ice Hockey,Ice Hockey,"LARIONOV, Igor",RUS,Men,Ice Hockey,Bronze
2002,Salt Lake City,Ice Hockey,Ice Hockey,"MALAKHOV, Vladimir",RUS,Men,Ice Hockey,Bronze
2002,Salt Lake City,Ice Hockey,Ice Hockey,"MARKOV, Daniil",RUS,Men,Ice Hockey,Bronze
2002,Salt Lake City,Ice Hockey,Ice Hockey,"MIRONOV, Boris",RUS,Men,Ice Hockey,Bronze
2002,Salt Lake City,Ice Hockey,Ice Hockey,"NIKOLISHIN, Andrei",RUS,Men,Ice Hockey,Bronze
2002,Salt Lake City,Ice Hockey,Ice Hockey,"PODOMATSKY, Yegor",RUS,Men,Ice Hockey,Bronze
2002,Salt Lake City,Ice Hockey,Ice Hockey,"SAMSONOV, Sergei",RUS,Men,Ice Hockey,Bronze
2002,Salt Lake City,Ice Hockey,Ice Hockey,"TVERDOVSKIY, Oleg",RUS,Men,Ice Hockey,Bronze
2002,Salt Lake City,Ice Hockey,Ice Hockey,"YASHIN, Alexei",RUS,Men,Ice Hockey,Bronze
2002,Salt Lake City,Ice Hockey,Ice Hockey,"ZHAMNOV, Alexey",RUS,Men,Ice Hockey,Bronze
2002,Salt Lake City,Ice Hockey,Ice Hockey,"BELFOUR, Ed",CAN,Men,Ice Hockey,Gold
2002,Salt Lake City,Ice Hockey,Ice Hockey,"BLAKE, Rob",CAN,Men,Ice Hockey,Gold
2002,Salt Lake City,Ice Hockey,Ice Hockey,"BREWER, Eric",CAN,Men,Ice Hockey,Gold
2002,Salt Lake City,Ice Hockey,Ice Hockey,"BRODEUR, Martin",CAN,Men,Ice Hockey,Gold
2002,Salt Lake City,Ice Hockey,Ice Hockey,"FLEURY, Theo",CAN,Men,Ice Hockey,Gold
2002,Salt Lake City,Ice Hockey,Ice Hockey,"FOOTE, Adam",CAN,Men,Ice Hockey,Gold
2002,Salt Lake City,Ice Hockey,Ice Hockey,"GAGNE, Simon",CAN,Men,Ice Hockey,Gold
2002,Salt Lake City,Ice Hockey,Ice Hockey,"IGINLA, Jarome",CAN,Men,Ice Hockey,Gold
2002,Salt Lake City,Ice Hockey,Ice Hockey,"JOSEPH, Curtis",CAN,Men,Ice Hockey,Gold
2002,Salt Lake City,Ice Hockey,Ice Hockey,"JOVANOVSKI, Ed",CAN,Men,Ice Hockey,Gold
2002,Salt Lake City,Ice Hockey,Ice Hockey,"KARIYA, Paul",CAN,Men,Ice Hockey,Gold
2002,Salt Lake City,Ice Hockey,Ice Hockey,"LEMIEUX, Mario",CAN,Men,Ice Hockey,Gold
2002,Salt Lake City,Ice Hockey,Ice Hockey,"LINDROS, Eric",CAN,Men,Ice Hockey,Gold
2002,Salt Lake City,Ice Hockey,Ice Hockey,"MACINNIS, Al",CAN,Men,Ice Hockey,Gold
2002,Salt Lake City,Ice Hockey,Ice Hockey,"NIEDERMAYER, Scott",CAN,Men,Ice Hockey,Gold
2002,Salt Lake City,Ice Hockey,Ice Hockey,"NIEUWENDYK, Joe",CAN,Men,Ice Hockey,Gold
2002,Salt Lake City,Ice Hockey,Ice Hockey,"NOLAN, Owen",CAN,Men,Ice Hockey,Gold
2002,Salt Lake City,Ice Hockey,Ice Hockey,"PECA, Mike",CAN,Men,Ice Hockey,Gold
2002,Salt Lake City,Ice Hockey,Ice Hockey,"PRONGER, Chris",CAN,Men,Ice Hockey,Gold
2002,Salt Lake City,Ice Hockey,Ice Hockey,"SAKIC, Joe",CAN,Men,Ice Hockey,Gold
2002,Salt Lake City,Ice Hockey,Ice Hockey,"SHANAHAN, Brendan",CAN,Men,Ice Hockey,Gold
2002,Salt Lake City,Ice Hockey,Ice Hockey,"SMYTH, Ryan",CAN,Men,Ice Hockey,Gold
2002,Salt Lake City,Ice Hockey,Ice Hockey,"YZERMAN, Steve",CAN,Men,Ice Hockey,Gold
2002,Salt Lake City,Ice Hockey,Ice Hockey,"AMONTE, Tony",USA,Men,Ice Hockey,Silver
2002,Salt Lake City,Ice Hockey,Ice Hockey,"BARRASSO, Tom",USA,Men,Ice Hockey,Silver
2002,Salt Lake City,Ice Hockey,Ice Hockey,"CHELIOS, Chris",USA,Men,Ice Hockey,Silver
2002,Salt Lake City,Ice Hockey,Ice Hockey,"DEADMARSH, Adam",USA,Men,Ice Hockey,Silver
2002,Salt Lake City,Ice Hockey,Ice Hockey,"DRURY, Chris",USA,Men,Ice Hockey,Silver
2002,Salt Lake City,Ice Hockey,Ice Hockey,"DUNHAM, Mike",USA,Men,Ice Hockey,Silver
2002,Salt Lake City,Ice Hockey,Ice Hockey,"GUERIN, Bill",USA,Men,Ice Hockey,Silver
2002,Salt Lake City,Ice Hockey,Ice Hockey,"HOUSLEY, Phil",USA,Men,Ice Hockey,Silver
2002,Salt Lake City,Ice Hockey,Ice Hockey,"HULL, Brett",USA,Men,Ice Hockey,Silver
2002,Salt Lake City,Ice Hockey,Ice Hockey,"LECLAIR, John",USA,Men,Ice Hockey,Silver
2002,Salt Lake City,Ice Hockey,Ice Hockey,"LEETCH, Brian",USA,Men,Ice Hockey,Silver
2002,Salt Lake City,Ice Hockey,Ice Hockey,"MILLER, Aaron",USA,Men,Ice Hockey,Silver
2002,Salt Lake City,Ice Hockey,Ice Hockey,"MODANO, Mike",USA,Men,Ice Hockey,Silver
2002,Salt Lake City,Ice Hockey,Ice Hockey,"POTI, Tom",USA,Men,Ice Hockey,Silver
2002,Salt Lake City,Ice Hockey,Ice Hockey,"RAFALSKI, Brian",USA,Men,Ice Hockey,Silver
2002,Salt Lake City,Ice Hockey,Ice Hockey,"RICHTER, Mike",USA,Men,Ice Hockey,Silver
2002,Salt Lake City,Ice Hockey,Ice Hockey,"ROENICK, Jeremy",USA,Men,Ice Hockey,Silver
2002,Salt Lake City,Ice Hockey,Ice Hockey,"ROLSTON, Brian",USA,Men,Ice Hockey,Silver
2002,Salt Lake City,Ice Hockey,Ice Hockey,"SUTER, Gary",USA,Men,Ice Hockey,Silver
2002,Salt Lake City,Ice Hockey,Ice Hockey,"TKACHUK, Keith",USA,Men,Ice Hockey,Silver
2002,Salt Lake City,Ice Hockey,Ice Hockey,"WEIGHT, Doug",USA,Men,Ice Hockey,Silver
2002,Salt Lake City,Ice Hockey,Ice Hockey,"YORK, Mike",USA,Men,Ice Hockey,Silver
2002,Salt Lake City,Ice Hockey,Ice Hockey,"YOUNG, Scott",USA,Men,Ice Hockey,Silver
2002,Salt Lake City,Ice Hockey,Ice Hockey,"AHLEN, Annica",SWE,Women,Ice Hockey,Bronze
2002,Salt Lake City,Ice Hockey,Ice Hockey,"ALMBLAD, Lotta",SWE,Women,Ice Hockey,Bronze
2002,Salt Lake City,Ice Hockey,Ice Hockey,"ANDERSSON, Anna",SWE,Women,Ice Hockey,Bronze
2002,Salt Lake City,Ice Hockey,Ice Hockey,"ANDERSSON, Gunilla",SWE,Women,Ice Hockey,Bronze
2002,Salt Lake City,Ice Hockey,Ice Hockey,"BERGGREN, Emelie",SWE,Women,Ice Hockey,Bronze
2002,Salt Lake City,Ice Hockey,Ice Hockey,"BERGSTRAND, Kristina",SWE,Women,Ice Hockey,Bronze
2002,Salt Lake City,Ice Hockey,Ice Hockey,"EDSTRAND, Ann-Louise",SWE,Women,Ice Hockey,Bronze
2002,Salt Lake City,Ice Hockey,Ice Hockey,"ELFSBERG, Joa",SWE,Women,Ice Hockey,Bronze
2002,Salt Lake City,Ice Hockey,Ice Hockey,"HOLST, Erika",SWE,Women,Ice Hockey,Bronze
2002,Salt Lake City,Ice Hockey,Ice Hockey,"JANSSON, Nanna",SWE,Women,Ice Hockey,Bronze
2002,Salt Lake City,Ice Hockey,Ice Hockey,"LARSSON, Maria",SWE,Women,Ice Hockey,Bronze
2002,Salt Lake City,Ice Hockey,Ice Hockey,"LINDBERG, Ylva",SWE,Women,Ice Hockey,Bronze
2002,Salt Lake City,Ice Hockey,Ice Hockey,"LINDSTROM, Ulrica",SWE,Women,Ice Hockey,Bronze
2002,Salt Lake City,Ice Hockey,Ice Hockey,"MARTIN, Kim",SWE,Women,Ice Hockey,Bronze
2002,Salt Lake City,Ice Hockey,Ice Hockey,"PETTERSSON, Josefin",SWE,Women,Ice Hockey,Bronze
2002,Salt Lake City,Ice Hockey,Ice Hockey,"ROOTH, Maria",SWE,Women,Ice Hockey,Bronze
2002,Salt Lake City,Ice Hockey,Ice Hockey,"RUNDQVIST, Danijela",SWE,Women,Ice Hockey,Bronze
2002,Salt Lake City,Ice Hockey,Ice Hockey,"SAMUELSSON, Evelina",SWE,Women,Ice Hockey,Bronze
2002,Salt Lake City,Ice Hockey,Ice Hockey,"SJOLANDER, Therese",SWE,Women,Ice Hockey,Bronze
2002,Salt Lake City,Ice Hockey,Ice Hockey,"VIKMAN, Anna",SWE,Women,Ice Hockey,Bronze
2002,Salt Lake City,Ice Hockey,Ice Hockey,"ANTAL, Dana",CAN,Women,Ice Hockey,Gold
2002,Salt Lake City,Ice Hockey,Ice Hockey,"BECHARD, Kelly",CAN,Women,Ice Hockey,Gold
2002,Salt Lake City,Ice Hockey,Ice Hockey,"BOTTERILL, Jennifer",CAN,Women,Ice Hockey,Gold
2002,Salt Lake City,Ice Hockey,Ice Hockey,"BRISSON, Therese",CAN,Women,Ice Hockey,Gold
2002,Salt Lake City,Ice Hockey,Ice Hockey,"CAMPBELL, Cassie",CAN,Women,Ice Hockey,Gold
2002,Salt Lake City,Ice Hockey,Ice Hockey,"CHARTRAND, Isabelle",CAN,Women,Ice Hockey,Gold
2002,Salt Lake City,Ice Hockey,Ice Hockey,"DUPUIS, Lori",CAN,Women,Ice Hockey,Gold
2002,Salt Lake City,Ice Hockey,Ice Hockey,"GOYETTE, Danielle",CAN,Women,Ice Hockey,Gold
2002,Salt Lake City,Ice Hockey,Ice Hockey,"HEANEY, Geraldine",CAN,Women,Ice Hockey,Gold
2002,Salt Lake City,Ice Hockey,Ice Hockey,"HEFFORD, Jayna",CAN,Women,Ice Hockey,Gold
2002,Salt Lake City,Ice Hockey,Ice Hockey,"KELLAR, Becky",CAN,Women,Ice Hockey,Gold
2002,Salt Lake City,Ice Hockey,Ice Hockey,"OUELLETTE, Caroline",CAN,Women,Ice Hockey,Gold
2002,Salt Lake City,Ice Hockey,Ice Hockey,"PIPER, Cherie",CAN,Women,Ice Hockey,Gold
2002,Salt Lake City,Ice Hockey,Ice Hockey,"POUNDER, Cheryl",CAN,Women,Ice Hockey,Gold
2002,Salt Lake City,Ice Hockey,Ice Hockey,"SHEWCHUK, Tammy Lee",CAN,Women,Ice Hockey,Gold
2002,Salt Lake City,Ice Hockey,Ice Hockey,"SMALL, Sami Jo",CAN,Women,Ice Hockey,Gold
2002,Salt Lake City,Ice Hockey,Ice Hockey,"SOSTORICS, Colleen",CAN,Women,Ice Hockey,Gold
2002,Salt Lake City,Ice Hockey,Ice Hockey,"ST-PIERRE, Kim",CAN,Women,Ice Hockey,Gold
2002,Salt Lake City,Ice Hockey,Ice Hockey,"SUNOHARA, Vicky",CAN,Women,Ice Hockey,Gold
2002,Salt Lake City,Ice Hockey,Ice Hockey,"WICKENHEISER, Hayley",CAN,Women,Ice Hockey,Gold
2002,Salt Lake City,Ice Hockey,Ice Hockey,"BAILEY, Chris",USA,Women,Ice Hockey,Silver
2002,Salt Lake City,Ice Hockey,Ice Hockey,"BAKER, Laurie",USA,Women,Ice Hockey,Silver
2002,Salt Lake City,Ice Hockey,Ice Hockey,"BYE, Karyn",USA,Women,Ice Hockey,Silver
2002,Salt Lake City,Ice Hockey,Ice Hockey,"CHU, Julie",USA,Women,Ice Hockey,Silver
2002,Salt Lake City,Ice Hockey,Ice Hockey,"DARWITZ, Natalie",USA,Women,Ice Hockey,Silver
2002,Salt Lake City,Ice Hockey,Ice Hockey,"DECOSTA, Sara",USA,Women,Ice Hockey,Silver
2002,Salt Lake City,Ice Hockey,Ice Hockey,"DUNN-LUOMA, Tricia",USA,Women,Ice Hockey,Silver
2002,Salt Lake City,Ice Hockey,Ice Hockey,"GRANATO, Cammi",USA,Women,Ice Hockey,Silver
2002,Salt Lake City,Ice Hockey,Ice Hockey,"KENNEDY, Courtney",USA,Women,Ice Hockey,Silver
2002,Salt Lake City,Ice Hockey,Ice Hockey,"KILBOURNE, Andrea",USA,Women,Ice Hockey,Silver
2002,Salt Lake City,Ice Hockey,Ice Hockey,"KING, Katie",USA,Women,Ice Hockey,Silver
2002,Salt Lake City,Ice Hockey,Ice Hockey,"LOONEY, Shelley",USA,Women,Ice Hockey,Silver
2002,Salt Lake City,Ice Hockey,Ice Hockey,"MERZ, Sue",USA,Women,Ice Hockey,Silver
2002,Salt Lake City,Ice Hockey,Ice Hockey,"MLECZKO, Allison",USA,Women,Ice Hockey,Silver
2002,Salt Lake City,Ice Hockey,Ice Hockey,"MOUNSEY, Tara",USA,Women,Ice Hockey,Silver
2002,Salt Lake City,Ice Hockey,Ice Hockey,"POTTER, Jenny",USA,Women,Ice Hockey,Silver
2002,Salt Lake City,Ice Hockey,Ice Hockey,"RUGGIERO, Angela",USA,Women,Ice Hockey,Silver
2002,Salt Lake City,Ice Hockey,Ice Hockey,"TUETING, Sarah",USA,Women,Ice Hockey,Silver
2002,Salt Lake City,Ice Hockey,Ice Hockey,"WALL, Lyndsay",USA,Women,Ice Hockey,Silver
2002,Salt Lake City,Ice Hockey,Ice Hockey,"WENDELL, Krissy",USA,Women,Ice Hockey,Silver
2002,Salt Lake City,Luge,Luge,"IVES, Clay",USA,Men,Doubles,Bronze
2002,Salt Lake City,Luge,Luge,"THORPE, Chris",USA,Men,Doubles,Bronze
2002,Salt Lake City,Luge,Luge,"LEITNER, Patric-Fritz",GER,Men,Doubles,Gold
2002,Salt Lake City,Luge,Luge,"RESCH, Alexander",GER,Men,Doubles,Gold
2002,Salt Lake City,Luge,Luge,"GRIMMETTE, Mark",USA,Men,Doubles,Silver
2002,Salt Lake City,Luge,Luge,"MARTIN, Brian",USA,Men,Doubles,Silver
2002,Salt Lake City,Luge,Luge,"PROCK, Markus",AUT,Men,Singles,Bronze
2002,Salt Lake City,Luge,Luge,"ZOEGGELER, Armin",ITA,Men,Singles,Gold
2002,Salt Lake City,Luge,Luge,"HACKL, Georg",GER,Men,Singles,Silver
2002,Salt Lake City,Luge,Luge,"KRAUSHAAR, Silke",GER,Women,Singles,Bronze
2002,Salt Lake City,Luge,Luge,"OTTO, Sylke",GER,Women,Singles,Gold
2002,Salt Lake City,Luge,Luge,"NIEDERNHUBER, Barbara",GER,Women,Singles,Silver
2002,Salt Lake City,Skating,Figure skating,"FUSAR POLI, Barbara",ITA,Women,Ice Dancing,Bronze
2002,Salt Lake City,Skating,Figure skating,"MARGAGLIO, Maurizio",ITA,Men,Ice Dancing,Bronze
2002,Salt Lake City,Skating,Figure skating,"ANISSINA, Marina",FRA,Women,Ice Dancing,Gold
2002,Salt Lake City,Skating,Figure skating,"PEIZERAT, Gwendal",FRA,Men,Ice Dancing,Gold
2002,Salt Lake City,Skating,Figure skating,"AVERBUKH, Ilia",RUS,Men,Ice Dancing,Silver
2002,Salt Lake City,Skating,Figure skating,"LOBACHEVA, Irina",RUS,Women,Ice Dancing,Silver
2002,Salt Lake City,Skating,Figure skating,"GOEBEL, Timothy",USA,Men,Individual,Bronze
2002,Salt Lake City,Skating,Figure skating,"YAGUDIN, Alexei",RUS,Men,Individual,Gold
2002,Salt Lake City,Skating,Figure skating,"PLYUSHCHENKO, Evgeny",RUS,Men,Individual,Silver
2002,Salt Lake City,Skating,Figure skating,"KWAN, Michelle",USA,Women,Individual,Bronze
2002,Salt Lake City,Skating,Figure skating,"HUGHES, Sarah",USA,Women,Individual,Gold
2002,Salt Lake City,Skating,Figure skating,"SLUTSKAYA, Irina",RUS,Women,Individual,Silver
2002,Salt Lake City,Skating,Figure skating,"SHEN, Xue",CHN,Women,Pairs,Bronze
2002,Salt Lake City,Skating,Figure skating,"ZHAO, Hongbo",CHN,Men,Pairs,Bronze
2002,Salt Lake City,Skating,Figure skating,"PELLETIER, David",CAN,Men,Pairs,Gold
2002,Salt Lake City,Skating,Figure skating,"SALE, Jamie",CAN,Women,Pairs,Gold
2002,Salt Lake City,Skating,Figure skating,"BEREZHNAYA, Elena",RUS,Women,Pairs,Gold
2002,Salt Lake City,Skating,Figure skating,"SIKHARULIDZE, Anton",RUS,Men,Pairs,Gold
2002,Salt Lake City,Skating,Short Track Speed Skating,"TURCOTTE, Mathieu",CAN,Men,1000M,Bronze
2002,Salt Lake City,Skating,Short Track Speed Skating,"BRADBURY, Steven",AUS,Men,1000M,Gold
2002,Salt Lake City,Skating,Short Track Speed Skating,"OHNO, Apolo Anton",USA,Men,1000M,Silver
2002,Salt Lake City,Skating,Short Track Speed Skating,"YANG (S), Yang",CHN,Women,1000M,Bronze
2002,Salt Lake City,Skating,Short Track Speed Skating,"YANG (A), Yang",CHN,Women,1000M,Gold
2002,Salt Lake City,Skating,Short Track Speed Skating,"KO, Gi-Hyun",KOR,Women,1000M,Silver
2002,Salt Lake City,Skating,Short Track Speed Skating,"GAGNON, Marc",CAN,Men,1500M,Bronze
2002,Salt Lake City,Skating,Short Track Speed Skating,"OHNO, Apolo Anton",USA,Men,1500M,Gold
2002,Salt Lake City,Skating,Short Track Speed Skating,"LI, JiaJun",CHN,Men,1500M,Silver
2002,Salt Lake City,Skating,Short Track Speed Skating,"RADANOVA, Evgenia",BUL,Women,1500M,Bronze
2002,Salt Lake City,Skating,Short Track Speed Skating,"KO, Gi-Hyun",KOR,Women,1500M,Gold
2002,Salt Lake City,Skating,Short Track Speed Skating,"CHOI, Eun-Kyung",KOR,Women,1500M,Silver
2002,Salt Lake City,Skating,Short Track Speed Skating,"CHAREST, Isabelle",CAN,Women,3000M Relay,Bronze
2002,Salt Lake City,Skating,Short Track Speed Skating,"DROLET, Marie-Eve",CAN,Women,3000M Relay,Bronze
2002,Salt Lake City,Skating,Short Track Speed Skating,"GOULET-NADON, Amelie",CAN,Women,3000M Relay,Bronze
2002,Salt Lake City,Skating,Short Track Speed Skating,"KRAUS, Alanna",CAN,Women,3000M Relay,Bronze
2002,Salt Lake City,Skating,Short Track Speed Skating,"VICENT, Tania",CAN,Women,3000M Relay,Bronze
2002,Salt Lake City,Skating,Short Track Speed Skating,"CHOI, Eun-Kyung",KOR,Women,3000M Relay,Gold
2002,Salt Lake City,Skating,Short Track Speed Skating,"CHOI, Min Kyung",KOR,Women,3000M Relay,Gold
2002,Salt Lake City,Skating,Short Track Speed Skating,"JOO, Min-Jin",KOR,Women,3000M Relay,Gold
2002,Salt Lake City,Skating,Short Track Speed Skating,"PARK, Hye-Won",KOR,Women,3000M Relay,Gold
2002,Salt Lake City,Skating,Short Track Speed Skating,"SUN, Dandan",CHN,Women,3000M Relay,Silver
2002,Salt Lake City,Skating,Short Track Speed Skating,"WANG, Chunlu",CHN,Women,3000M Relay,Silver
2002,Salt Lake City,Skating,Short Track Speed Skating,"YANG (A), Yang",CHN,Women,3000M Relay,Silver
2002,Salt Lake City,Skating,Short Track Speed Skating,"YANG (S), Yang",CHN,Women,3000M Relay,Silver
2002,Salt Lake City,Skating,Short Track Speed Skating,"AN, Yulong",CHN,Men,5000M Relay,Bronze
2002,Salt Lake City,Skating,Short Track Speed Skating,"FENG, Kai",CHN,Men,5000M Relay,Bronze
2002,Salt Lake City,Skating,Short Track Speed Skating,"GUO, Wei",CHN,Men,5000M Relay,Bronze
2002,Salt Lake City,Skating,Short Track Speed Skating,"LI, JiaJun",CHN,Men,5000M Relay,Bronze
2002,Salt Lake City,Skating,Short Track Speed Skating,"LI, Ye",CHN,Men,5000M Relay,Bronze
2002,Salt Lake City,Skating,Short Track Speed Skating,"BEDARD, Eric",CAN,Men,5000M Relay,Gold
2002,Salt Lake City,Skating,Short Track Speed Skating,"GAGNON, Marc",CAN,Men,5000M Relay,Gold
2002,Salt Lake City,Skating,Short Track Speed Skating,"GUILMETTE, Jonathan",CAN,Men,5000M Relay,Gold
2002,Salt Lake City,Skating,Short Track Speed Skating,"TREMBLAY, Francois-Louis",CAN,Men,5000M Relay,Gold
2002,Salt Lake City,Skating,Short Track Speed Skating,"TURCOTTE, Mathieu",CAN,Men,5000M Relay,Gold
2002,Salt Lake City,Skating,Short Track Speed Skating,"ANTONIOLI, Michele",ITA,Men,5000M Relay,Silver
2002,Salt Lake City,Skating,Short Track Speed Skating,"CARNINO, Maurizio",ITA,Men,5000M Relay,Silver
2002,Salt Lake City,Skating,Short Track Speed Skating,"CARTA, Fabio",ITA,Men,5000M Relay,Silver
2002,Salt Lake City,Skating,Short Track Speed Skating,"FRANCESCHINA, Nicola",ITA,Men,5000M Relay,Silver
2002,Salt Lake City,Skating,Short Track Speed Skating,"RODIGARI, Nicola",ITA,Men,5000M Relay,Silver
2002,Salt Lake City,Skating,Short Track Speed Skating,"SMITH, Rusty",USA,Men,500M,Bronze
2002,Salt Lake City,Skating,Short Track Speed Skating,"GAGNON, Marc",CAN,Men,500M,Gold
2002,Salt Lake City,Skating,Short Track Speed Skating,"GUILMETTE, Jonathan",CAN,Men,500M,Silver
2002,Salt Lake City,Skating,Short Track Speed Skating,"WANG, Chunlu",CHN,Women,500M,Bronze
2002,Salt Lake City,Skating,Short Track Speed Skating,"YANG (A), Yang",CHN,Women,500M,Gold
2002,Salt Lake City,Skating,Short Track Speed Skating,"RADANOVA, Evgenia",BUL,Women,500M,Silver
2002,Salt Lake City,Skating,Speed skating,"SAETRE, Lasse",NOR,Men,10000M,Bronze
2002,Salt Lake City,Skating,Speed skating,"UYTDEHAAGE, Jochem",NED,Men,10000M,Gold
2002,Salt Lake City,Skating,Speed skating,"ROMME, Gianni",NED,Men,10000M,Silver
2002,Salt Lake City,Skating,Speed skating,"CHEEK, Joey",USA,Men,1000M,Bronze
2002,Salt Lake City,Skating,Speed skating,"VAN VELDE, Gerard",NED,Men,1000M,Gold
2002,Salt Lake City,Skating,Speed skating,"BOS, Jan",NED,Men,1000M,Silver
2002,Salt Lake City,Skating,Speed skating,"RODRIGUEZ, Jennifer",USA,Women,1000M,Bronze
2002,Salt Lake City,Skating,Speed skating,"WITTY, Chris",USA,Women,1000M,Gold
2002,Salt Lake City,Skating,Speed skating,"VOELKER, Sabine",GER,Women,1000M,Silver
2002,Salt Lake City,Skating,Speed skating,"SONDRAL, Adne",NOR,Men,1500M,Bronze
2002,Salt Lake City,Skating,Speed skating,"PARRA, Derek",USA,Men,1500M,Gold
2002,Salt Lake City,Skating,Speed skating,"UYTDEHAAGE, Jochem",NED,Men,1500M,Silver
2002,Salt Lake City,Skating,Speed skating,"RODRIGUEZ, Jennifer",USA,Women,1500M,Bronze
2002,Salt Lake City,Skating,Speed skating,"FRIESINGER-POSTMA, Anna",GER,Women,1500M,Gold
2002,Salt Lake City,Skating,Speed skating,"VOELKER, Sabine",GER,Women,1500M,Silver
2002,Salt Lake City,Skating,Speed skating,"KLASSEN, Cindy",CAN,Women,3000M,Bronze
2002,Salt Lake City,Skating,Speed skating,"PECHSTEIN, Claudia",GER,Women,3000M,Gold
2002,Salt Lake City,Skating,Speed skating,"GROENEWOLD, Renate",NED,Women,3000M,Silver
2002,Salt Lake City,Skating,Speed skating,"BODEN, Jens",GER,Men,5000M,Bronze
2002,Salt Lake City,Skating,Speed skating,"UYTDEHAAGE, Jochem",NED,Men,5000M,Gold
2002,Salt Lake City,Skating,Speed skating,"PARRA, Derek",USA,Men,5000M,Silver
2002,Salt Lake City,Skating,Speed skating,"HUGHES, Clara",CAN,Women,5000M,Bronze
2002,Salt Lake City,Skating,Speed skating,"PECHSTEIN, Claudia",GER,Women,5000M,Gold
2002,Salt Lake City,Skating,Speed skating,"SMIT, Gretha",NED,Women,5000M,Silver
2002,Salt Lake City,Skating,Speed skating,"CARPENTER, Kip",USA,Men,500M,Bronze
2002,Salt Lake City,Skating,Speed skating,"FITZRANDOLPH, Casey",USA,Men,500M,Gold
2002,Salt Lake City,Skating,Speed skating,"SHIMIZU, Hiroyasu",JPN,Men,500M,Silver
2002,Salt Lake City,Skating,Speed skating,"VOELKER, Sabine",GER,Women,500M,Bronze
2002,Salt Lake City,Skating,Speed skating,"LEMAY DOAN, Catriona",CAN,Women,500M,Gold
2002,Salt Lake City,Skating,Speed skating,"GARBRECHT-ENFELDT, Monique",GER,Women,500M,Silver
2002,Salt Lake City,Skiing,Alpine Skiing,"RAICH, Benjamin",AUT,Men,Alpine Combined,Bronze
2002,Salt Lake City,Skiing,Alpine Skiing,"AAMODT, Kjetil Andre",NOR,Men,Alpine Combined,Gold
2002,Salt Lake City,Skiing,Alpine Skiing,"MILLER, Bode",USA,Men,Alpine Combined,Silver
2002,Salt Lake City,Skiing,Alpine Skiing,"ERTL, Martina",GER,Women,Alpine Combined,Bronze
2002,Salt Lake City,Skiing,Alpine Skiing,"KOSTELIC, Janica",CRO,Women,Alpine Combined,Gold
2002,Salt Lake City,Skiing,Alpine Skiing,"GOETSCHL, Renate",AUT,Women,Alpine Combined,Silver
2002,Salt Lake City,Skiing,Alpine Skiing,"EBERHARTER, Stephan",AUT,Men,Downhill,Bronze
2002,Salt Lake City,Skiing,Alpine Skiing,"STROBL, Fritz",AUT,Men,Downhill,Gold
2002,Salt Lake City,Skiing,Alpine Skiing,"KJUS, Lasse",NOR,Men,Downhill,Silver
2002,Salt Lake City,Skiing,Alpine Skiing,"GOETSCHL, Renate",AUT,Women,Downhill,Bronze
2002,Salt Lake City,Skiing,Alpine Skiing,"MONTILLET-CARLES, Carole",FRA,Women,Downhill,Gold
2002,Salt Lake City,Skiing,Alpine Skiing,"KOSTNER, Isolde",ITA,Women,Downhill,Silver
2002,Salt Lake City,Skiing,Alpine Skiing,"KJUS, Lasse",NOR,Men,Giant Slalom,Bronze
2002,Salt Lake City,Skiing,Alpine Skiing,"EBERHARTER, Stephan",AUT,Men,Giant Slalom,Gold
2002,Salt Lake City,Skiing,Alpine Skiing,"MILLER, Bode",USA,Men,Giant Slalom,Silver
2002,Salt Lake City,Skiing,Alpine Skiing,"NEF, Sonja",SUI,Women,Giant Slalom,Bronze
2002,Salt Lake City,Skiing,Alpine Skiing,"KOSTELIC, Janica",CRO,Women,Giant Slalom,Gold
2002,Salt Lake City,Skiing,Alpine Skiing,"PAERSON, Anja",SWE,Women,Giant Slalom,Silver
2002,Salt Lake City,Skiing,Alpine Skiing,"RAICH, Benjamin",AUT,Men,Slalom,Bronze
2002,Salt Lake City,Skiing,Alpine Skiing,"VIDAL, Jean-Pierre",FRA,Men,Slalom,Gold
2002,Salt Lake City,Skiing,Alpine Skiing,"AMIEZ, Sebastien",FRA,Men,Slalom,Silver
2002,Salt Lake City,Skiing,Alpine Skiing,"PAERSON, Anja",SWE,Women,Slalom,Bronze
2002,Salt Lake City,Skiing,Alpine Skiing,"KOSTELIC, Janica",CRO,Women,Slalom,Gold
2002,Salt Lake City,Skiing,Alpine Skiing,"PEQUEGNOT, Laure",FRA,Women,Slalom,Silver
2002,Salt Lake City,Skiing,Alpine Skiing,"SCHIFFERER, Andreas",AUT,Men,Super-G,Bronze
2002,Salt Lake City,Skiing,Alpine Skiing,"AAMODT, Kjetil Andre",NOR,Men,Super-G,Gold
2002,Salt Lake City,Skiing,Alpine Skiing,"EBERHARTER, Stephan",AUT,Men,Super-G,Silver
2002,Salt Lake City,Skiing,Alpine Skiing,"PUTZER, Karen",ITA,Women,Super-G,Bronze
2002,Salt Lake City,Skiing,Alpine Skiing,"CECCARELLI, Daniela",ITA,Women,Super-G,Gold
2002,Salt Lake City,Skiing,Alpine Skiing,"KOSTELIC, Janica",CRO,Women,Super-G,Silver
2002,Salt Lake City,Skiing,Cross Country Skiing,"BELMONDO, Stefania",ITA,Women,10KM,Bronze
2002,Salt Lake City,Skiing,Cross Country Skiing,"SKARI, Bente",NOR,Women,10KM,Gold
2002,Salt Lake City,Skiing,Cross Country Skiing,"TCHEPALOVA, Julija",RUS,Women,10KM,Silver
2002,Salt Lake City,Skiing,Cross Country Skiing,"ELOFSSON, Per",SWE,Men,10KM Pursuit,Bronze
2002,Salt Lake City,Skiing,Cross Country Skiing,"ALSGAARD, Thomas",NOR,Men,10KM Pursuit,Gold
2002,Salt Lake City,Skiing,Cross Country Skiing,"ESTIL, Frode",NOR,Men,10KM Pursuit,Gold
2002,Salt Lake City,Skiing,Cross Country Skiing,"MAE, Jaak",EST,Men,15KM,Bronze
2002,Salt Lake City,Skiing,Cross Country Skiing,"VEERPALU, Andrus",EST,Men,15KM,Gold
2002,Salt Lake City,Skiing,Cross Country Skiing,"ESTIL, Frode",NOR,Men,15KM,Silver
2002,Salt Lake City,Skiing,Cross Country Skiing,"TCHEPALOVA, Julija",RUS,Women,15KM Mass Start,Bronze
2002,Salt Lake City,Skiing,Cross Country Skiing,"BELMONDO, Stefania",ITA,Women,15KM Mass Start,Gold
2002,Salt Lake City,Skiing,Cross Country Skiing,"NEUMANNOVA, Katerina",CZE,Women,15KM Mass Start,Silver
2002,Salt Lake City,Skiing,Cross Country Skiing,"SKARI, Bente",NOR,Women,30KM,Bronze
2002,Salt Lake City,Skiing,Cross Country Skiing,"PARUZZI, Gabriella",ITA,Women,30KM,Gold
2002,Salt Lake City,Skiing,Cross Country Skiing,"BELMONDO, Stefania",ITA,Women,30KM,Silver
2002,Salt Lake City,Skiing,Cross Country Skiing,"SKJELDAL, Kristen",NOR,Men,30KM Mass Start,Bronze
2002,Salt Lake City,Skiing,Cross Country Skiing,"HOFFMANN, Christian",AUT,Men,30KM Mass Start,Gold
2002,Salt Lake City,Skiing,Cross Country Skiing,"BOTVINOV, Mikhail",AUT,Men,30KM Mass Start,Silver
2002,Salt Lake City,Skiing,Cross Country Skiing,"ANGERER, Tobias",GER,Men,4X10KM Relay,Bronze
2002,Salt Lake City,Skiing,Cross Country Skiing,"FILBRICH, Jens",GER,Men,4X10KM Relay,Bronze
2002,Salt Lake City,Skiing,Cross Country Skiing,"SCHLUETTER, Andreas",GER,Men,4X10KM Relay,Bronze
2002,Salt Lake City,Skiing,Cross Country Skiing,"SOMMERFELDT, Rene",GER,Men,4X10KM Relay,Bronze
2002,Salt Lake City,Skiing,Cross Country Skiing,"ALSGAARD, Thomas",NOR,Men,4X10KM Relay,Gold
2002,Salt Lake City,Skiing,Cross Country Skiing,"AUKLAND, Anders",NOR,Men,4X10KM Relay,Gold
2002,Salt Lake City,Skiing,Cross Country Skiing,"ESTIL, Frode",NOR,Men,4X10KM Relay,Gold
2002,Salt Lake City,Skiing,Cross Country Skiing,"SKJELDAL, Kristen",NOR,Men,4X10KM Relay,Gold
2002,Salt Lake City,Skiing,Cross Country Skiing,"DI CENTA, Giorgio",ITA,Men,4X10KM Relay,Silver
2002,Salt Lake City,Skiing,Cross Country Skiing,"MAJ, Fabio",ITA,Men,4X10KM Relay,Silver
2002,Salt Lake City,Skiing,Cross Country Skiing,"PILLER COTTRER, Pietro",ITA,Men,4X10KM Relay,Silver
2002,Salt Lake City,Skiing,Cross Country Skiing,"ZORZI, Cristian",ITA,Men,4X10KM Relay,Silver
2002,Salt Lake City,Skiing,Cross Country Skiing,"ALBRECHT LORETAN, Brigitte",SUI,Women,4X5KM Relay,Bronze
2002,Salt Lake City,Skiing,Cross Country Skiing,"HUBER, Andrea",SUI,Women,4X5KM Relay,Bronze
2002,Salt Lake City,Skiing,Cross Country Skiing,"LEONARDI CORTESI, Natascia",SUI,Women,4X5KM Relay,Bronze
2002,Salt Lake City,Skiing,Cross Country Skiing,"ROCHAT, Laurence",SUI,Women,4X5KM Relay,Bronze
2002,Salt Lake City,Skiing,Cross Country Skiing,"BAUER, Viola",GER,Women,4X5KM Relay,Gold
2002,Salt Lake City,Skiing,Cross Country Skiing,"HENKEL, Manuela",GER,Women,4X5KM Relay,Gold
2002,Salt Lake City,Skiing,Cross Country Skiing,"KUENZEL, Claudia",GER,Women,4X5KM Relay,Gold
2002,Salt Lake City,Skiing,Cross Country Skiing,"SACHENBACHER, Evi",GER,Women,4X5KM Relay,Gold
2002,Salt Lake City,Skiing,Cross Country Skiing,"BJOERGEN, Marit",NOR,Women,4X5KM Relay,Silver
2002,Salt Lake City,Skiing,Cross Country Skiing,"MOEN, Anita",NOR,Women,4X5KM Relay,Silver
2002,Salt Lake City,Skiing,Cross Country Skiing,"PEDERSEN, Hilde G",NOR,Women,4X5KM Relay,Silver
2002,Salt Lake City,Skiing,Cross Country Skiing,"SKARI, Bente",NOR,Women,4X5KM Relay,Silver
2002,Salt Lake City,Skiing,Cross Country Skiing,"HJELMESET, Odd-Bjoern",NOR,Men,50KM,Bronze
2002,Salt Lake City,Skiing,Cross Country Skiing,"IVANOV, Mikhail",RUS,Men,50KM,Gold
2002,Salt Lake City,Skiing,Cross Country Skiing,"VEERPALU, Andrus",EST,Men,50KM,Silver
2002,Salt Lake City,Skiing,Cross Country Skiing,"BAUER, Viola",GER,Women,5Km Pursuit,Bronze
2002,Salt Lake City,Skiing,Cross Country Skiing,"SCOTT, Beckie",CAN,Women,5Km Pursuit,Gold
2002,Salt Lake City,Skiing,Cross Country Skiing,"NEUMANNOVA, Katerina",CZE,Women,5Km Pursuit,Silver
2002,Salt Lake City,Skiing,Cross Country Skiing,"ZORZI, Cristian",ITA,Men,Sprint 1.5KM,Bronze
2002,Salt Lake City,Skiing,Cross Country Skiing,"HETLAND, Tor Arne",NOR,Men,Sprint 1.5KM,Gold
2002,Salt Lake City,Skiing,Cross Country Skiing,"SCHLICKENRIEDER, Peter",GER,Men,Sprint 1.5KM,Silver
2002,Salt Lake City,Skiing,Cross Country Skiing,"MOEN, Anita",NOR,Women,Sprint 1.5KM,Bronze
2002,Salt Lake City,Skiing,Cross Country Skiing,"TCHEPALOVA, Julija",RUS,Women,Sprint 1.5KM,Gold
2002,Salt Lake City,Skiing,Cross Country Skiing,"SACHENBACHER, Evi",GER,Women,Sprint 1.5KM,Silver
2002,Salt Lake City,Skiing,Freestyle Skiing,"GRISHIN, Alexei",BLR,Men,Aerials,Bronze
2002,Salt Lake City,Skiing,Freestyle Skiing,"VALENTA, Ales",CZE,Men,Aerials,Gold
2002,Salt Lake City,Skiing,Freestyle Skiing,"PACK, Joe",USA,Men,Aerials,Silver
2002,Salt Lake City,Skiing,Freestyle Skiing,"DIONNE, Deidra",CAN,Women,Aerials,Bronze
2002,Salt Lake City,Skiing,Freestyle Skiing,"CAMPLIN, Alisa",AUS,Women,Aerials,Gold
2002,Salt Lake City,Skiing,Freestyle Skiing,"BRENNER, Veronica",CAN,Women,Aerials,Silver
2002,Salt Lake City,Skiing,Freestyle Skiing,"GAY, Richard",FRA,Men,Moguls,Bronze
2002,Salt Lake City,Skiing,Freestyle Skiing,"LAHTELA, Janne",FIN,Men,Moguls,Gold
2002,Salt Lake City,Skiing,Freestyle Skiing,"MAYER, Travis",USA,Men,Moguls,Silver
2002,Salt Lake City,Skiing,Freestyle Skiing,"SATOYA, Tae",JPN,Women,Moguls,Bronze
2002,Salt Lake City,Skiing,Freestyle Skiing,"TRAA, Kari",NOR,Women,Moguls,Gold
2002,Salt Lake City,Skiing,Freestyle Skiing,"BAHRKE, Shannon",USA,Women,Moguls,Silver
2002,Salt Lake City,Skiing,Nordic Combined,"GOTTWALD, Felix",AUT,Men,Individual,Bronze
2002,Salt Lake City,Skiing,Nordic Combined,"LAJUNEN, Samppa",FIN,Men,Individual,Gold
2002,Salt Lake City,Skiing,Nordic Combined,"TALLUS, Jaakko",FIN,Men,Individual,Silver
2002,Salt Lake City,Skiing,Nordic Combined,"GOTTWALD, Felix",AUT,Men,Sprint,Bronze
2002,Salt Lake City,Skiing,Nordic Combined,"LAJUNEN, Samppa",FIN,Men,Sprint,Gold
2002,Salt Lake City,Skiing,Nordic Combined,"ACKERMANN, Ronny",GER,Men,Sprint,Silver
2002,Salt Lake City,Skiing,Nordic Combined,"BIELER, Christoph",AUT,Men,Team,Bronze
2002,Salt Lake City,Skiing,Nordic Combined,"GOTTWALD, Felix",AUT,Men,Team,Bronze
2002,Salt Lake City,Skiing,Nordic Combined,"GRUBER, Michael",AUT,Men,Team,Bronze
2002,Salt Lake City,Skiing,Nordic Combined,"STECHER, Mario",AUT,Men,Team,Bronze
2002,Salt Lake City,Skiing,Nordic Combined,"LAJUNEN, Samppa",FIN,Men,Team,Gold
2002,Salt Lake City,Skiing,Nordic Combined,"MANNINEN, Hannu",FIN,Men,Team,Gold
2002,Salt Lake City,Skiing,Nordic Combined,"MANTILA, Jari",FIN,Men,Team,Gold
2002,Salt Lake City,Skiing,Nordic Combined,"TALLUS, Jaakko",FIN,Men,Team,Gold
2002,Salt Lake City,Skiing,Nordic Combined,"ACKERMANN, Ronny",GER,Men,Team,Silver
2002,Salt Lake City,Skiing,Nordic Combined,"HETTICH, Georg",GER,Men,Team,Silver
2002,Salt Lake City,Skiing,Nordic Combined,"HOEHLIG, Marcel",GER,Men,Team,Silver
2002,Salt Lake City,Skiing,Nordic Combined,"KIRCHEISEN, Bjoern",GER,Men,Team,Silver
2002,Salt Lake City,Skiing,Ski Jumping,"HAUTAMAEKI, Matti",FIN,Men,K120 Individual (90M),Bronze
2002,Salt Lake City,Skiing,Ski Jumping,"AMMANN, Simon",SUI,Men,K120 Individual (90M),Gold
2002,Salt Lake City,Skiing,Ski Jumping,"MALYSZ, Adam",POL,Men,K120 Individual (90M),Silver
2002,Salt Lake City,Skiing,Ski Jumping,"FRAS, Damjan",SLO,Men,K120 Team (90M),Bronze
2002,Salt Lake City,Skiing,Ski Jumping,"KRANJEC, Robert",SLO,Men,K120 Team (90M),Bronze
2002,Salt Lake City,Skiing,Ski Jumping,"PETERKA, Primoz",SLO,Men,K120 Team (90M),Bronze
2002,Salt Lake City,Skiing,Ski Jumping,"ZONTA, Peter",SLO,Men,K120 Team (90M),Bronze
2002,Salt Lake City,Skiing,Ski Jumping,"HANNAWALD, Sven",GER,Men,K120 Team (90M),Gold
2002,Salt Lake City,Skiing,Ski Jumping,"HOCKE, Stephan",GER,Men,K120 Team (90M),Gold
2002,Salt Lake City,Skiing,Ski Jumping,"SCHMITT, Martin",GER,Men,K120 Team (90M),Gold
2002,Salt Lake City,Skiing,Ski Jumping,"UHRMANN, Michael",GER,Men,K120 Team (90M),Gold
2002,Salt Lake City,Skiing,Ski Jumping,"AHONEN, Janne",FIN,Men,K120 Team (90M),Silver
2002,Salt Lake City,Skiing,Ski Jumping,"HAUTAMAEKI, Matti",FIN,Men,K120 Team (90M),Silver
2002,Salt Lake City,Skiing,Ski Jumping,"JUSSILAINEN, Risto",FIN,Men,K120 Team (90M),Silver
2002,Salt Lake City,Skiing,Ski Jumping,"LINDSTROEM, Veli-Matti",FIN,Men,K120 Team (90M),Silver
2002,Salt Lake City,Skiing,Ski Jumping,"MALYSZ, Adam",POL,Men,K90 Individual (70M),Bronze
2002,Salt Lake City,Skiing,Ski Jumping,"AMMANN, Simon",SUI,Men,K90 Individual (70M),Gold
2002,Salt Lake City,Skiing,Ski Jumping,"HANNAWALD, Sven",GER,Men,K90 Individual (70M),Silver
2002,Salt Lake City,Skiing,Snowboard,"KLUG, Chris",USA,Men,Giant Parallel Slalom,Bronze
2002,Salt Lake City,Skiing,Snowboard,"SCHOCH, Philipp",SUI,Men,Giant Parallel Slalom,Gold
2002,Salt Lake City,Skiing,Snowboard,"RIKARDSSON, Richard",SWE,Men,Giant Parallel Slalom,Silver
2002,Salt Lake City,Skiing,Snowboard,"TRETTEL, Lidia",ITA,Women,Giant Parallel Slalom,Bronze
2002,Salt Lake City,Skiing,Snowboard,"BLANC, Isabelle",FRA,Women,Giant Parallel Slalom,Gold
2002,Salt Lake City,Skiing,Snowboard,"RUBY, Karine",FRA,Women,Giant Parallel Slalom,Silver
2002,Salt Lake City,Skiing,Snowboard,"THOMAS, Jarret",USA,Men,Half-Pipe,Bronze
2002,Salt Lake City,Skiing,Snowboard,"POWERS, Ross",USA,Men,Half-Pipe,Gold
2002,Salt Lake City,Skiing,Snowboard,"KASS, Danny",USA,Men,Half-Pipe,Silver
2002,Salt Lake City,Skiing,Snowboard,"REUTELER, Fabienne",SUI,Women,Half-Pipe,Bronze
2002,Salt Lake City,Skiing,Snowboard,"CLARK, Kelly",USA,Women,Half-Pipe,Gold
2002,Salt Lake City,Skiing,Snowboard,"VIDAL, Doriane",FRA,Women,Half-Pipe,Silver
2006,Turin,Biathlon,Biathlon,"ANDRESEN, Frode",NOR,Men,10KM,Bronze
2006,Turin,Biathlon,Biathlon,"FISCHER, Sven",GER,Men,10KM,Gold
2006,Turin,Biathlon,Biathlon,"HANEVOLD, Halvard",NOR,Men,10KM,Silver
2006,Turin,Biathlon,Biathlon,"AKHATOVA, Albina",RUS,Women,10KM Pursuit,Bronze
2006,Turin,Biathlon,Biathlon,"WILHELM, Kati",GER,Women,10KM Pursuit,Gold
2006,Turin,Biathlon,Biathlon,"GLAGOW, Martina",GER,Women,10KM Pursuit,Silver
2006,Turin,Biathlon,Biathlon,"DISL, Uschi",GER,Women,12.5KM Mass Start,Bronze
2006,Turin,Biathlon,Biathlon,"OLOFSSON, Anna Carin",SWE,Women,12.5KM Mass Start,Gold
2006,Turin,Biathlon,Biathlon,"WILHELM, Kati",GER,Women,12.5KM Mass Start,Silver
2006,Turin,Biathlon,Biathlon,"FISCHER, Sven",GER,Men,12.5Km Pursuit,Bronze
2006,Turin,Biathlon,Biathlon,"DEFRASNE, Vincent",FRA,Men,12.5Km Pursuit,Gold
2006,Turin,Biathlon,Biathlon,"BJOERNDALEN, Ole Einar",NOR,Men,12.5Km Pursuit,Silver
2006,Turin,Biathlon,Biathlon,"AKHATOVA, Albina",RUS,Women,15KM,Bronze
2006,Turin,Biathlon,Biathlon,"ISHMOURATOVA, Svetlana",RUS,Women,15KM,Gold
2006,Turin,Biathlon,Biathlon,"GLAGOW, Martina",GER,Women,15KM,Silver
2006,Turin,Biathlon,Biathlon,"BJOERNDALEN, Ole Einar",NOR,Men,15KM Mass Start,Bronze
2006,Turin,Biathlon,Biathlon,"GREIS, Michael",GER,Men,15KM Mass Start,Gold
2006,Turin,Biathlon,Biathlon,"SIKORA, Tomasz",POL,Men,15KM Mass Start,Silver
2006,Turin,Biathlon,Biathlon,"HANEVOLD, Halvard",NOR,Men,20KM,Bronze
2006,Turin,Biathlon,Biathlon,"GREIS, Michael",GER,Men,20KM,Gold
2006,Turin,Biathlon,Biathlon,"BJOERNDALEN, Ole Einar",NOR,Men,20KM,Silver
2006,Turin,Biathlon,Biathlon,"BAILLY, Sandrine",FRA,Women,4X6KM Relay,Bronze
2006,Turin,Biathlon,Biathlon,"BAVEREL-ROBERT, Florence",FRA,Women,4X6KM Relay,Bronze
2006,Turin,Biathlon,Biathlon,"BECAERT, Sylvie",FRA,Women,4X6KM Relay,Bronze
2006,Turin,Biathlon,Biathlon,"PERETTO, Delphyne",FRA,Women,4X6KM Relay,Bronze
2006,Turin,Biathlon,Biathlon,"AKHATOVA, Albina",RUS,Women,4X6KM Relay,Gold
2006,Turin,Biathlon,Biathlon,"BOGALIY, Anna",RUS,Women,4X6KM Relay,Gold
2006,Turin,Biathlon,Biathlon,"ISHMOURATOVA, Svetlana",RUS,Women,4X6KM Relay,Gold
2006,Turin,Biathlon,Biathlon,"ZAITSEVA, Olga",RUS,Women,4X6KM Relay,Gold
2006,Turin,Biathlon,Biathlon,"APEL, Katrin",GER,Women,4X6KM Relay,Silver
2006,Turin,Biathlon,Biathlon,"GLAGOW, Martina",GER,Women,4X6KM Relay,Silver
2006,Turin,Biathlon,Biathlon,"HENKEL, Andrea",GER,Women,4X6KM Relay,Silver
2006,Turin,Biathlon,Biathlon,"WILHELM, Kati",GER,Women,4X6KM Relay,Silver
2006,Turin,Biathlon,Biathlon,"CANNARD, Ferreol",FRA,Men,4X7.5KM Relay,Bronze
2006,Turin,Biathlon,Biathlon,"DEFRASNE, Vincent",FRA,Men,4X7.5KM Relay,Bronze
2006,Turin,Biathlon,Biathlon,"POIREE, Raphael",FRA,Men,4X7.5KM Relay,Bronze
2006,Turin,Biathlon,Biathlon,"ROBERT, Julien",FRA,Men,4X7.5KM Relay,Bronze
2006,Turin,Biathlon,Biathlon,"FISCHER, Sven",GER,Men,4X7.5KM Relay,Gold
2006,Turin,Biathlon,Biathlon,"GREIS, Michael",GER,Men,4X7.5KM Relay,Gold
2006,Turin,Biathlon,Biathlon,"GROSS, Ricco",GER,Men,4X7.5KM Relay,Gold
2006,Turin,Biathlon,Biathlon,"ROESCH, Michael",GER,Men,4X7.5KM Relay,Gold
2006,Turin,Biathlon,Biathlon,"KRUGLOV, Nikolay",RUS,Men,4X7.5KM Relay,Silver
2006,Turin,Biathlon,Biathlon,"ROSTOVTSEV, Pavel",RUS,Men,4X7.5KM Relay,Silver
2006,Turin,Biathlon,Biathlon,"TCHEPIKOV, Sergei",RUS,Men,4X7.5KM Relay,Silver
2006,Turin,Biathlon,Biathlon,"TCHEREZOV, Ivan",RUS,Men,4X7.5KM Relay,Silver
2006,Turin,Biathlon,Biathlon,"EFREMOVA, Lilia",UKR,Women,7.5KM,Bronze
2006,Turin,Biathlon,Biathlon,"BAVEREL-ROBERT, Florence",FRA,Women,7.5KM,Gold
2006,Turin,Biathlon,Biathlon,"OLOFSSON, Anna Carin",SWE,Women,7.5KM,Silver
2006,Turin,Bobsleigh,Bobsleigh,"ANNEN, Martin",SUI,Men,Four-Man,Bronze
2006,Turin,Bobsleigh,Bobsleigh,"GRAND, Cedric",SUI,Men,Four-Man,Bronze
2006,Turin,Bobsleigh,Bobsleigh,"HEFTI, Beat",SUI,Men,Four-Man,Bronze
2006,Turin,Bobsleigh,Bobsleigh,"LAMPARTER, Thomas",SUI,Men,Four-Man,Bronze
2006,Turin,Bobsleigh,Bobsleigh,"HOPPE, Rene",GER,Men,Four-Man,Gold
2006,Turin,Bobsleigh,Bobsleigh,"KUSKE, Kevin",GER,Men,Four-Man,Gold
2006,Turin,Bobsleigh,Bobsleigh,"LANGE, Andre",GER,Men,Four-Man,Gold
2006,Turin,Bobsleigh,Bobsleigh,"PUTZE, Martin",GER,Men,Four-Man,Gold
2006,Turin,Bobsleigh,Bobsleigh,"EGOROV, Filipp",RUS,Men,Four-Man,Silver
2006,Turin,Bobsleigh,Bobsleigh,"SELIVERSTOV, Alexei",RUS,Men,Four-Man,Silver
2006,Turin,Bobsleigh,Bobsleigh,"VOEVODA, Alexey",RUS,Men,Four-Man,Silver
2006,Turin,Bobsleigh,Bobsleigh,"ZOUBKOV, Alexandre",RUS,Men,Four-Man,Silver
2006,Turin,Bobsleigh,Bobsleigh,"ANNEN, Martin",SUI,Men,Two-Man,Bronze
2006,Turin,Bobsleigh,Bobsleigh,"HEFTI, Beat",SUI,Men,Two-Man,Bronze
2006,Turin,Bobsleigh,Bobsleigh,"KUSKE, Kevin",GER,Men,Two-Man,Gold
2006,Turin,Bobsleigh,Bobsleigh,"LANGE, Andre",GER,Men,Two-Man,Gold
2006,Turin,Bobsleigh,Bobsleigh,"BROWN, Lascelles",CAN,Men,Two-Man,Silver
2006,Turin,Bobsleigh,Bobsleigh,"LUEDERS, Pierre",CAN,Men,Two-Man,Silver
2006,Turin,Bobsleigh,Bobsleigh,"ISACCO, Jennifer",ITA,Women,Two-Man,Bronze
2006,Turin,Bobsleigh,Bobsleigh,"WEISSENSTEINER, Gerda",ITA,Women,Two-Man,Bronze
2006,Turin,Bobsleigh,Bobsleigh,"KIRIASIS, Sandra",GER,Women,Two-Man,Gold
2006,Turin,Bobsleigh,Bobsleigh,"SCHNEIDERHEINZE, Anja",GER,Women,Two-Man,Gold
2006,Turin,Bobsleigh,Bobsleigh,"FLEMING, Valerie",USA,Women,Two-Man,Silver
2006,Turin,Bobsleigh,Bobsleigh,"ROHBOCK, Shauna",USA,Women,Two-Man,Silver
2006,Turin,Bobsleigh,Skeleton,"STAEHLI, Gregor",SUI,Men,Individual,Bronze
2006,Turin,Bobsleigh,Skeleton,"GIBSON, Duff",CAN,Men,Individual,Gold
2006,Turin,Bobsleigh,Skeleton,"PAIN, Jeff",CAN,Men,Individual,Silver
2006,Turin,Bobsleigh,Skeleton,"HOLLINGSWORTH-RICHARDS, Mellisa",CAN,Women,Individual,Bronze
2006,Turin,Bobsleigh,Skeleton,"PEDERSEN, Maya",SUI,Women,Individual,Gold
2006,Turin,Bobsleigh,Skeleton,"RUDMAN, Shelley",GBR,Women,Individual,Silver
2006,Turin,Curling,Curling,"BAIRD, Scott",USA,Men,Curling,Bronze
2006,Turin,Curling,Curling,"FENSON, Pete",USA,Men,Curling,Bronze
2006,Turin,Curling,Curling,"POLO, Joe",USA,Men,Curling,Bronze
2006,Turin,Curling,Curling,"ROJESKI, Shawn",USA,Men,Curling,Bronze
2006,Turin,Curling,Curling,"SHUSTER, John",USA,Men,Curling,Bronze
2006,Turin,Curling,Curling,"ADAM, Mike",CAN,Men,Curling,Gold
2006,Turin,Curling,Curling,"GUSHUE, Brad",CAN,Men,Curling,Gold
2006,Turin,Curling,Curling,"HOWARD, Russ",CAN,Men,Curling,Gold
2006,Turin,Curling,Curling,"KORAB, Jamie",CAN,Men,Curling,Gold
2006,Turin,Curling,Curling,"NICHOLS, Mark",CAN,Men,Curling,Gold
2006,Turin,Curling,Curling,"KIISKINEN, Kalle",FIN,Men,Curling,Silver
2006,Turin,Curling,Curling,"MAKELA, Wille",FIN,Men,Curling,Silver
2006,Turin,Curling,Curling,"SALO, Teemu",FIN,Men,Curling,Silver
2006,Turin,Curling,Curling,"SULLANMAA, Jani",FIN,Men,Curling,Silver
2006,Turin,Curling,Curling,"UUSIPAAVALNIEMI, Markku",FIN,Men,Curling,Silver
2006,Turin,Curling,Curling,"BAKKER, Glenys",CAN,Women,Curling,Bronze
2006,Turin,Curling,Curling,"JENKINS, Sandra",CAN,Women,Curling,Bronze
2006,Turin,Curling,Curling,"KESHEN, Christine",CAN,Women,Curling,Bronze
2006,Turin,Curling,Curling,"KLEIBRINK, Shannon",CAN,Women,Curling,Bronze
2006,Turin,Curling,Curling,"NIXON, Amy",CAN,Women,Curling,Bronze
2006,Turin,Curling,Curling,"BERGMAN, Ulrika",SWE,Women,Curling,Gold
2006,Turin,Curling,Curling,"LINDAHL, Cathrine",SWE,Women,Curling,Gold
2006,Turin,Curling,Curling,"LUND, Eva",SWE,Women,Curling,Gold
2006,Turin,Curling,Curling,"NORBERG, Anette",SWE,Women,Curling,Gold
2006,Turin,Curling,Curling,"SVAERD, Anna",SWE,Women,Curling,Gold
2006,Turin,Curling,Curling,"BEELI, Binia",SUI,Women,Curling,Silver
2006,Turin,Curling,Curling,"KORMANN, Manuela",SUI,Women,Curling,Silver
2006,Turin,Curling,Curling,"MOSER, Michele",SUI,Women,Curling,Silver
2006,Turin,Curling,Curling,"OTT, Mirjam",SUI,Women,Curling,Silver
2006,Turin,Curling,Curling,"SPAELTY, Valeria",SUI,Women,Curling,Silver
2006,Turin,Ice Hockey,Ice Hockey,"BULIS, Jan",CZE,Men,Ice Hockey,Bronze
2006,Turin,Ice Hockey,Ice Hockey,"CAJANEK, Petr",CZE,Men,Ice Hockey,Bronze
2006,Turin,Ice Hockey,Ice Hockey,"ELIAS, Patrik",CZE,Men,Ice Hockey,Bronze
2006,Turin,Ice Hockey,Ice Hockey,"ERAT, Martin",CZE,Men,Ice Hockey,Bronze
2006,Turin,Ice Hockey,Ice Hockey,"HASEK, Dominik",CZE,Men,Ice Hockey,Bronze
2006,Turin,Ice Hockey,Ice Hockey,"HEJDUK, Milan",CZE,Men,Ice Hockey,Bronze
2006,Turin,Ice Hockey,Ice Hockey,"HEMSKY, Ales",CZE,Men,Ice Hockey,Bronze
2006,Turin,Ice Hockey,Ice Hockey,"HNILICKA, Milan",CZE,Men,Ice Hockey,Bronze
2006,Turin,Ice Hockey,Ice Hockey,"JAGR, Jaromir",CZE,Men,Ice Hockey,Bronze
2006,Turin,Ice Hockey,Ice Hockey,"KABERLE, Frantisek",CZE,Men,Ice Hockey,Bronze
2006,Turin,Ice Hockey,Ice Hockey,"KABERLE, Tomas",CZE,Men,Ice Hockey,Bronze
2006,Turin,Ice Hockey,Ice Hockey,"KOTALIK, Ales",CZE,Men,Ice Hockey,Bronze
2006,Turin,Ice Hockey,Ice Hockey,"KUBA, Filip",CZE,Men,Ice Hockey,Bronze
2006,Turin,Ice Hockey,Ice Hockey,"KUBINA, Pavel",CZE,Men,Ice Hockey,Bronze
2006,Turin,Ice Hockey,Ice Hockey,"LANG, Robert",CZE,Men,Ice Hockey,Bronze
2006,Turin,Ice Hockey,Ice Hockey,"MALIK, Marek",CZE,Men,Ice Hockey,Bronze
2006,Turin,Ice Hockey,Ice Hockey,"OLESZ, Rostislav",CZE,Men,Ice Hockey,Bronze
2006,Turin,Ice Hockey,Ice Hockey,"PROSPAL, Vaclav",CZE,Men,Ice Hockey,Bronze
2006,Turin,Ice Hockey,Ice Hockey,"RUCINSKY, Martin",CZE,Men,Ice Hockey,Bronze
2006,Turin,Ice Hockey,Ice Hockey,"SALFICKY, Dusan",CZE,Men,Ice Hockey,Bronze
2006,Turin,Ice Hockey,Ice Hockey,"SPACEK, Jaroslav",CZE,Men,Ice Hockey,Bronze
2006,Turin,Ice Hockey,Ice Hockey,"STRAKA, Martin",CZE,Men,Ice Hockey,Bronze
2006,Turin,Ice Hockey,Ice Hockey,"VOKOUN, Tomas",CZE,Men,Ice Hockey,Bronze
2006,Turin,Ice Hockey,Ice Hockey,"VYBORNY, David",CZE,Men,Ice Hockey,Bronze
2006,Turin,Ice Hockey,Ice Hockey,"ZIDLICKY, Marek",CZE,Men,Ice Hockey,Bronze
2006,Turin,Ice Hockey,Ice Hockey,"ALFREDSSON, Daniel",SWE,Men,Ice Hockey,Gold
2006,Turin,Ice Hockey,Ice Hockey,"AXELSSON, Per Johan",SWE,Men,Ice Hockey,Gold
2006,Turin,Ice Hockey,Ice Hockey,"BACKMAN, Christian",SWE,Men,Ice Hockey,Gold
2006,Turin,Ice Hockey,Ice Hockey,"FORSBERG, Peter",SWE,Men,Ice Hockey,Gold
2006,Turin,Ice Hockey,Ice Hockey,"HANNULA, Mika",SWE,Men,Ice Hockey,Gold
2006,Turin,Ice Hockey,Ice Hockey,"HAVELID, Niclas",SWE,Men,Ice Hockey,Gold
2006,Turin,Ice Hockey,Ice Hockey,"HOLMSTROM, Tomas",SWE,Men,Ice Hockey,Gold
2006,Turin,Ice Hockey,Ice Hockey,"JONSSON, Jorgen",SWE,Men,Ice Hockey,Gold
2006,Turin,Ice Hockey,Ice Hockey,"JONSSON, Kenny",SWE,Men,Ice Hockey,Gold
2006,Turin,Ice Hockey,Ice Hockey,"KRONWALL, Niklas",SWE,Men,Ice Hockey,Gold
2006,Turin,Ice Hockey,Ice Hockey,"LIDSTROM, Nicklas",SWE,Men,Ice Hockey,Gold
2006,Turin,Ice Hockey,Ice Hockey,"LIV, Stefan",SWE,Men,Ice Hockey,Gold
2006,Turin,Ice Hockey,Ice Hockey,"LUNDQVIST, Henrik",SWE,Men,Ice Hockey,Gold
2006,Turin,Ice Hockey,Ice Hockey,"MODIN, Fredrik",SWE,Men,Ice Hockey,Gold
2006,Turin,Ice Hockey,Ice Hockey,"OHLUND, Mattias",SWE,Men,Ice Hockey,Gold
2006,Turin,Ice Hockey,Ice Hockey,"PAHLSSON, Samuel",SWE,Men,Ice Hockey,Gold
2006,Turin,Ice Hockey,Ice Hockey,"SAMUELSSON, Mikael",SWE,Men,Ice Hockey,Gold
2006,Turin,Ice Hockey,Ice Hockey,"SEDIN, Daniel",SWE,Men,Ice Hockey,Gold
2006,Turin,Ice Hockey,Ice Hockey,"SEDIN, Henrik",SWE,Men,Ice Hockey,Gold
2006,Turin,Ice Hockey,Ice Hockey,"SUNDIN, Mats",SWE,Men,Ice Hockey,Gold
2006,Turin,Ice Hockey,Ice Hockey,"SUNDIN, Ronnie",SWE,Men,Ice Hockey,Gold
2006,Turin,Ice Hockey,Ice Hockey,"TELLQVIST, Mikael",SWE,Men,Ice Hockey,Gold
2006,Turin,Ice Hockey,Ice Hockey,"TJARNQVIST, Daniel",SWE,Men,Ice Hockey,Gold
2006,Turin,Ice Hockey,Ice Hockey,"ZETTERBERG, Henrik",SWE,Men,Ice Hockey,Gold
2006,Turin,Ice Hockey,Ice Hockey,"BACKSTROM, Niklas",FIN,Men,Ice Hockey,Silver
2006,Turin,Ice Hockey,Ice Hockey,"BERG, Aki-Petteri",FIN,Men,Ice Hockey,Silver
2006,Turin,Ice Hockey,Ice Hockey,"HAGMAN, Niklas",FIN,Men,Ice Hockey,Silver
2006,Turin,Ice Hockey,Ice Hockey,"HENTUNEN, Jukka",FIN,Men,Ice Hockey,Silver
2006,Turin,Ice Hockey,Ice Hockey,"JOKINEN, Jussi",FIN,Men,Ice Hockey,Silver
2006,Turin,Ice Hockey,Ice Hockey,"JOKINEN, Olli",FIN,Men,Ice Hockey,Silver
2006,Turin,Ice Hockey,Ice Hockey,"KAPANEN, Niko",FIN,Men,Ice Hockey,Silver
2006,Turin,Ice Hockey,Ice Hockey,"KOIVU, Mikko",FIN,Men,Ice Hockey,Silver
2006,Turin,Ice Hockey,Ice Hockey,"KOIVU, Saku",FIN,Men,Ice Hockey,Silver
2006,Turin,Ice Hockey,Ice Hockey,"KUKKONEN, Lasse",FIN,Men,Ice Hockey,Silver
2006,Turin,Ice Hockey,Ice Hockey,"LAAKSONEN, Antti",FIN,Men,Ice Hockey,Silver
2006,Turin,Ice Hockey,Ice Hockey,"LEHTINEN, Jere",FIN,Men,Ice Hockey,Silver
2006,Turin,Ice Hockey,Ice Hockey,"LYDMAN, Toni",FIN,Men,Ice Hockey,Silver
2006,Turin,Ice Hockey,Ice Hockey,"NIEMI, Antti-Jussi",FIN,Men,Ice Hockey,Silver
2006,Turin,Ice Hockey,Ice Hockey,"NIEMINEN, Ville",FIN,Men,Ice Hockey,Silver
2006,Turin,Ice Hockey,Ice Hockey,"NIITTYMAKI, Antero",FIN,Men,Ice Hockey,Silver
2006,Turin,Ice Hockey,Ice Hockey,"NORRENA, Fredrik",FIN,Men,Ice Hockey,Silver
2006,Turin,Ice Hockey,Ice Hockey,"NUMMELIN, Petteri",FIN,Men,Ice Hockey,Silver
2006,Turin,Ice Hockey,Ice Hockey,"NUMMINEN, Teppo",FIN,Men,Ice Hockey,Silver
2006,Turin,Ice Hockey,Ice Hockey,"PELTONEN, Ville",FIN,Men,Ice Hockey,Silver
2006,Turin,Ice Hockey,Ice Hockey,"RUUTU, Jarkko",FIN,Men,Ice Hockey,Silver
2006,Turin,Ice Hockey,Ice Hockey,"SALO, Sami",FIN,Men,Ice Hockey,Silver
2006,Turin,Ice Hockey,Ice Hockey,"SELANNE, Teemu",FIN,Men,Ice Hockey,Silver
2006,Turin,Ice Hockey,Ice Hockey,"TIMONEN, Kimmo",FIN,Men,Ice Hockey,Silver
2006,Turin,Ice Hockey,Ice Hockey,"CAHOW, Caitlin",USA,Women,Ice Hockey,Bronze
2006,Turin,Ice Hockey,Ice Hockey,"CHU, Julie",USA,Women,Ice Hockey,Bronze
2006,Turin,Ice Hockey,Ice Hockey,"DARWITZ, Natalie",USA,Women,Ice Hockey,Bronze
2006,Turin,Ice Hockey,Ice Hockey,"DREYER, Pam",USA,Women,Ice Hockey,Bronze
2006,Turin,Ice Hockey,Ice Hockey,"DUNN-LUOMA, Tricia",USA,Women,Ice Hockey,Bronze
2006,Turin,Ice Hockey,Ice Hockey,"ENGSTROM, Molly",USA,Women,Ice Hockey,Bronze
2006,Turin,Ice Hockey,Ice Hockey,"GUNN, Chanda",USA,Women,Ice Hockey,Bronze
2006,Turin,Ice Hockey,Ice Hockey,"HAGERMAN, Jamie",USA,Women,Ice Hockey,Bronze
2006,Turin,Ice Hockey,Ice Hockey,"INSALACO, Kim",USA,Women,Ice Hockey,Bronze
2006,Turin,Ice Hockey,Ice Hockey,"KAUTH, Kathleen",USA,Women,Ice Hockey,Bronze
2006,Turin,Ice Hockey,Ice Hockey,"KENNEDY, Courtney",USA,Women,Ice Hockey,Bronze
2006,Turin,Ice Hockey,Ice Hockey,"KING, Katie",USA,Women,Ice Hockey,Bronze
2006,Turin,Ice Hockey,Ice Hockey,"KING, Kristin",USA,Women,Ice Hockey,Bronze
2006,Turin,Ice Hockey,Ice Hockey,"PARSONS, Sarah",USA,Women,Ice Hockey,Bronze
2006,Turin,Ice Hockey,Ice Hockey,"POTTER, Jenny",USA,Women,Ice Hockey,Bronze
2006,Turin,Ice Hockey,Ice Hockey,"RESOR, Helen",USA,Women,Ice Hockey,Bronze
2006,Turin,Ice Hockey,Ice Hockey,"RUGGIERO, Angela",USA,Women,Ice Hockey,Bronze
2006,Turin,Ice Hockey,Ice Hockey,"STEPHENS, Kelly",USA,Women,Ice Hockey,Bronze
2006,Turin,Ice Hockey,Ice Hockey,"WALL, Lyndsay",USA,Women,Ice Hockey,Bronze
2006,Turin,Ice Hockey,Ice Hockey,"WENDELL, Krissy",USA,Women,Ice Hockey,Bronze
2006,Turin,Ice Hockey,Ice Hockey,"AGOSTA, Meghan",CAN,Women,Ice Hockey,Gold
2006,Turin,Ice Hockey,Ice Hockey,"APPS, Gillian",CAN,Women,Ice Hockey,Gold
2006,Turin,Ice Hockey,Ice Hockey,"BOTTERILL, Jennifer",CAN,Women,Ice Hockey,Gold
2006,Turin,Ice Hockey,Ice Hockey,"CAMPBELL, Cassie",CAN,Women,Ice Hockey,Gold
2006,Turin,Ice Hockey,Ice Hockey,"FERRARI, Gillian",CAN,Women,Ice Hockey,Gold
2006,Turin,Ice Hockey,Ice Hockey,"GOYETTE, Danielle",CAN,Women,Ice Hockey,Gold
2006,Turin,Ice Hockey,Ice Hockey,"HEFFORD, Jayna",CAN,Women,Ice Hockey,Gold
2006,Turin,Ice Hockey,Ice Hockey,"KELLAR, Becky",CAN,Women,Ice Hockey,Gold
2006,Turin,Ice Hockey,Ice Hockey,"KINGSBURY, Gina",CAN,Women,Ice Hockey,Gold
2006,Turin,Ice Hockey,Ice Hockey,"LABONTE, Charline",CAN,Women,Ice Hockey,Gold
2006,Turin,Ice Hockey,Ice Hockey,"MACLEOD, Carla",CAN,Women,Ice Hockey,Gold
2006,Turin,Ice Hockey,Ice Hockey,"OUELLETTE, Caroline",CAN,Women,Ice Hockey,Gold
2006,Turin,Ice Hockey,Ice Hockey,"PIPER, Cherie",CAN,Women,Ice Hockey,Gold
2006,Turin,Ice Hockey,Ice Hockey,"POUNDER, Cheryl",CAN,Women,Ice Hockey,Gold
2006,Turin,Ice Hockey,Ice Hockey,"SOSTORICS, Colleen",CAN,Women,Ice Hockey,Gold
2006,Turin,Ice Hockey,Ice Hockey,"SUNOHARA, Vicky",CAN,Women,Ice Hockey,Gold
2006,Turin,Ice Hockey,Ice Hockey,"VAILLANCOURT, Sarah",CAN,Women,Ice Hockey,Gold
2006,Turin,Ice Hockey,Ice Hockey,"WEATHERSTON, Katie",CAN,Women,Ice Hockey,Gold
2006,Turin,Ice Hockey,Ice Hockey,"WICKENHEISER, Hayley",CAN,Women,Ice Hockey,Gold
2006,Turin,Ice Hockey,Ice Hockey,"ANDERSSON, Cecilia",SWE,Women,Ice Hockey,Silver
2006,Turin,Ice Hockey,Ice Hockey,"ANDERSSON, Gunilla",SWE,Women,Ice Hockey,Silver
2006,Turin,Ice Hockey,Ice Hockey,"ASSERHOLT, Jenni",SWE,Women,Ice Hockey,Silver
2006,Turin,Ice Hockey,Ice Hockey,"EDSTRAND, Ann-Louise",SWE,Women,Ice Hockey,Silver
2006,Turin,Ice Hockey,Ice Hockey,"ELFSBERG, Joa",SWE,Women,Ice Hockey,Silver
2006,Turin,Ice Hockey,Ice Hockey,"ELIASSON, Emma",SWE,Women,Ice Hockey,Silver
2006,Turin,Ice Hockey,Ice Hockey,"HOLST, Erika",SWE,Women,Ice Hockey,Silver
2006,Turin,Ice Hockey,Ice Hockey,"JANSSON, Nanna",SWE,Women,Ice Hockey,Silver
2006,Turin,Ice Hockey,Ice Hockey,"LINDBERG, Ylva",SWE,Women,Ice Hockey,Silver
2006,Turin,Ice Hockey,Ice Hockey,"LINDQVIST, Jenny",SWE,Women,Ice Hockey,Silver
2006,Turin,Ice Hockey,Ice Hockey,"LUNDBERG, Kristina",SWE,Women,Ice Hockey,Silver
2006,Turin,Ice Hockey,Ice Hockey,"MARTIN, Kim",SWE,Women,Ice Hockey,Silver
2006,Turin,Ice Hockey,Ice Hockey,"NEVALAINEN, Frida",SWE,Women,Ice Hockey,Silver
2006,Turin,Ice Hockey,Ice Hockey,"O KONOR, Emilie",SWE,Women,Ice Hockey,Silver
2006,Turin,Ice Hockey,Ice Hockey,"ROOTH, Maria",SWE,Women,Ice Hockey,Silver
2006,Turin,Ice Hockey,Ice Hockey,"RUNDQVIST, Danijela",SWE,Women,Ice Hockey,Silver
2006,Turin,Ice Hockey,Ice Hockey,"SJOLANDER, Therese",SWE,Women,Ice Hockey,Silver
2006,Turin,Ice Hockey,Ice Hockey,"TIMGLAS, Katarina",SWE,Women,Ice Hockey,Silver
2006,Turin,Ice Hockey,Ice Hockey,"VIKMAN, Anna",SWE,Women,Ice Hockey,Silver
2006,Turin,Ice Hockey,Ice Hockey,"WINBERG, Pernilla",SWE,Women,Ice Hockey,Silver
2006,Turin,Luge,Luge,"HASELRIEDER, Oswald",ITA,Men,Doubles,Bronze
2006,Turin,Luge,Luge,"PLANKENSTEINER, Gerhard",ITA,Men,Doubles,Bronze
2006,Turin,Luge,Luge,"LINGER, Andreas",AUT,Men,Doubles,Gold
2006,Turin,Luge,Luge,"LINGER, Wolfgang",AUT,Men,Doubles,Gold
2006,Turin,Luge,Luge,"FLORSCHUETZ, Andre",GER,Men,Doubles,Silver
2006,Turin,Luge,Luge,"WUSTLICH, Torsten",GER,Men,Doubles,Silver
2006,Turin,Luge,Luge,"RUBENIS, Martins",LAT,Men,Singles,Bronze
2006,Turin,Luge,Luge,"ZOEGGELER, Armin",ITA,Men,Singles,Gold
2006,Turin,Luge,Luge,"DEMTSCHENKO, Albert",RUS,Men,Singles,Silver
2006,Turin,Luge,Luge,"HUEFNER, Tatjana",GER,Women,Singles,Bronze
2006,Turin,Luge,Luge,"OTTO, Sylke",GER,Women,Singles,Gold
2006,Turin,Luge,Luge,"KRAUSHAAR, Silke",GER,Women,Singles,Silver
2006,Turin,Skating,Figure skating,"GONCHAROV, Ruslan",UKR,Men,Ice Dancing,Bronze
2006,Turin,Skating,Figure skating,"GRUSHINA, Elena",UKR,Women,Ice Dancing,Bronze
2006,Turin,Skating,Figure skating,"KOSTOMAROV, Roman",RUS,Men,Ice Dancing,Gold
2006,Turin,Skating,Figure skating,"NAVKA, Tatiana",RUS,Women,Ice Dancing,Gold
2006,Turin,Skating,Figure skating,"AGOSTO, Benjamin",USA,Men,Ice Dancing,Silver
2006,Turin,Skating,Figure skating,"BELBIN, Tanith",USA,Women,Ice Dancing,Silver
2006,Turin,Skating,Figure skating,"BUTTLE, Jeffrey",CAN,Men,Individual,Bronze
2006,Turin,Skating,Figure skating,"PLYUSHCHENKO, Evgeny",RUS,Men,Individual,Gold
2006,Turin,Skating,Figure skating,"LAMBIEL, Stephane",SUI,Men,Individual,Silver
2006,Turin,Skating,Figure skating,"SLUTSKAYA, Irina",RUS,Women,Individual,Bronze
2006,Turin,Skating,Figure skating,"ARAKAWA, Shizuka",JPN,Women,Individual,Gold
2006,Turin,Skating,Figure skating,"COHEN, Sasha",USA,Women,Individual,Silver
2006,Turin,Skating,Figure skating,"SHEN, Xue",CHN,Women,Pairs,Bronze
2006,Turin,Skating,Figure skating,"ZHAO, Hongbo",CHN,Men,Pairs,Bronze
2006,Turin,Skating,Figure skating,"MARININ, Maxim",RUS,Men,Pairs,Gold
2006,Turin,Skating,Figure skating,"TOTMIANINA, Tatiana",RUS,Women,Pairs,Gold
2006,Turin,Skating,Figure skating,"ZHANG, Dan",CHN,Women,Pairs,Silver
2006,Turin,Skating,Figure skating,"ZHANG, Hao",CHN,Men,Pairs,Silver
2006,Turin,Skating,Short Track Speed Skating,"OHNO, Apolo Anton",USA,Men,1000M,Bronze
2006,Turin,Skating,Short Track Speed Skating,"AHN, Hyun-Soo",KOR,Men,1000M,Gold
2006,Turin,Skating,Short Track Speed Skating,"LEE, Ho-Suk",KOR,Men,1000M,Silver
2006,Turin,Skating,Short Track Speed Skating,"YANG (A), Yang",CHN,Women,1000M,Bronze
2006,Turin,Skating,Short Track Speed Skating,"JIN, Sun-Yu",KOR,Women,1000M,Gold
2006,Turin,Skating,Short Track Speed Skating,"WANG, Meng",CHN,Women,1000M,Silver
2006,Turin,Skating,Short Track Speed Skating,"LI, JiaJun",CHN,Men,1500M,Bronze
2006,Turin,Skating,Short Track Speed Skating,"AHN, Hyun-Soo",KOR,Men,1500M,Gold
2006,Turin,Skating,Short Track Speed Skating,"LEE, Ho-Suk",KOR,Men,1500M,Silver
2006,Turin,Skating,Short Track Speed Skating,"WANG, Meng",CHN,Women,1500M,Bronze
2006,Turin,Skating,Short Track Speed Skating,"JIN, Sun-Yu",KOR,Women,1500M,Gold
2006,Turin,Skating,Short Track Speed Skating,"CHOI, Eun-Kyung",KOR,Women,1500M,Silver
2006,Turin,Skating,Short Track Speed Skating,"CAPURSO, Marta",ITA,Women,3000M Relay,Bronze
2006,Turin,Skating,Short Track Speed Skating,"FONTANA, Arianna",ITA,Women,3000M Relay,Bronze
2006,Turin,Skating,Short Track Speed Skating,"ZINI, Katia",ITA,Women,3000M Relay,Bronze
2006,Turin,Skating,Short Track Speed Skating,"ZINI, Mara",ITA,Women,3000M Relay,Bronze
2006,Turin,Skating,Short Track Speed Skating,"BYUN, Chun-Sa",KOR,Women,3000M Relay,Gold
2006,Turin,Skating,Short Track Speed Skating,"CHOI, Eun-Kyung",KOR,Women,3000M Relay,Gold
2006,Turin,Skating,Short Track Speed Skating,"JEON, Da-Hye",KOR,Women,3000M Relay,Gold
2006,Turin,Skating,Short Track Speed Skating,"JIN, Sun-Yu",KOR,Women,3000M Relay,Gold
2006,Turin,Skating,Short Track Speed Skating,"KANG, Yun-Mi",KOR,Women,3000M Relay,Gold
2006,Turin,Skating,Short Track Speed Skating,"KRAUS, Alanna",CAN,Women,3000M Relay,Silver
2006,Turin,Skating,Short Track Speed Skating,"LEBLANC-BOUCHER, Anouk",CAN,Women,3000M Relay,Silver
2006,Turin,Skating,Short Track Speed Skating,"OVERLAND, Amanda",CAN,Women,3000M Relay,Silver
2006,Turin,Skating,Short Track Speed Skating,"ROBERGE, Kalyna",CAN,Women,3000M Relay,Silver
2006,Turin,Skating,Short Track Speed Skating,"VICENT, Tania",CAN,Women,3000M Relay,Silver
2006,Turin,Skating,Short Track Speed Skating,"IZYKOWSKI, Alex",USA,Men,5000M Relay,Bronze
2006,Turin,Skating,Short Track Speed Skating,"KEPKA, J.p.",USA,Men,5000M Relay,Bronze
2006,Turin,Skating,Short Track Speed Skating,"OHNO, Apolo Anton",USA,Men,5000M Relay,Bronze
2006,Turin,Skating,Short Track Speed Skating,"SMITH, Rusty",USA,Men,5000M Relay,Bronze
2006,Turin,Skating,Short Track Speed Skating,"AHN, Hyun-Soo",KOR,Men,5000M Relay,Gold
2006,Turin,Skating,Short Track Speed Skating,"LEE, Ho-Suk",KOR,Men,5000M Relay,Gold
2006,Turin,Skating,Short Track Speed Skating,"OH, Se-Jong",KOR,Men,5000M Relay,Gold
2006,Turin,Skating,Short Track Speed Skating,"SEO, Ho-Jin",KOR,Men,5000M Relay,Gold
2006,Turin,Skating,Short Track Speed Skating,"SONG, Suk-Woo",KOR,Men,5000M Relay,Gold
2006,Turin,Skating,Short Track Speed Skating,"BEDARD, Eric",CAN,Men,5000M Relay,Silver
2006,Turin,Skating,Short Track Speed Skating,"GUILMETTE, Jonathan",CAN,Men,5000M Relay,Silver
2006,Turin,Skating,Short Track Speed Skating,"HAMELIN, Charles",CAN,Men,5000M Relay,Silver
2006,Turin,Skating,Short Track Speed Skating,"TREMBLAY, Francois-Louis",CAN,Men,5000M Relay,Silver
2006,Turin,Skating,Short Track Speed Skating,"TURCOTTE, Mathieu",CAN,Men,5000M Relay,Silver
2006,Turin,Skating,Short Track Speed Skating,"AHN, Hyun-Soo",KOR,Men,500M,Bronze
2006,Turin,Skating,Short Track Speed Skating,"OHNO, Apolo Anton",USA,Men,500M,Gold
2006,Turin,Skating,Short Track Speed Skating,"TREMBLAY, Francois-Louis",CAN,Men,500M,Silver
2006,Turin,Skating,Short Track Speed Skating,"LEBLANC-BOUCHER, Anouk",CAN,Women,500M,Bronze
2006,Turin,Skating,Short Track Speed Skating,"WANG, Meng",CHN,Women,500M,Gold
2006,Turin,Skating,Short Track Speed Skating,"RADANOVA, Evgenia",BUL,Women,500M,Silver
2006,Turin,Skating,Speed skating,"VERHEIJEN, Carl",NED,Men,10000M,Bronze
2006,Turin,Skating,Speed skating,"de JONG, Bob",NED,Men,10000M,Gold
2006,Turin,Skating,Speed skating,"HEDRICK, Chad",USA,Men,10000M,Silver
2006,Turin,Skating,Speed skating,"WENNEMARS, Erben",NED,Men,1000M,Bronze
2006,Turin,Skating,Speed skating,"DAVIS, Shani",USA,Men,1000M,Gold
2006,Turin,Skating,Speed skating,"CHEEK, Joey",USA,Men,1000M,Silver
2006,Turin,Skating,Speed skating,"FRIESINGER-POSTMA, Anna",GER,Women,1000M,Bronze
2006,Turin,Skating,Speed skating,"TIMMER, Marianne",NED,Women,1000M,Gold
2006,Turin,Skating,Speed skating,"KLASSEN, Cindy",CAN,Women,1000M,Silver
2006,Turin,Skating,Speed skating,"HEDRICK, Chad",USA,Men,1500M,Bronze
2006,Turin,Skating,Speed skating,"FABRIS, Enrico",ITA,Men,1500M,Gold
2006,Turin,Skating,Speed skating,"DAVIS, Shani",USA,Men,1500M,Silver
2006,Turin,Skating,Speed skating,"WUST, Ireen",NED,Women,1500M,Bronze
2006,Turin,Skating,Speed skating,"KLASSEN, Cindy",CAN,Women,1500M,Gold
2006,Turin,Skating,Speed skating,"GROVES, Kristina",CAN,Women,1500M,Silver
2006,Turin,Skating,Speed skating,"KLASSEN, Cindy",CAN,Women,3000M,Bronze
2006,Turin,Skating,Speed skating,"WUST, Ireen",NED,Women,3000M,Gold
2006,Turin,Skating,Speed skating,"GROENEWOLD, Renate",NED,Women,3000M,Silver
2006,Turin,Skating,Speed skating,"FABRIS, Enrico",ITA,Men,5000M,Bronze
2006,Turin,Skating,Speed skating,"HEDRICK, Chad",USA,Men,5000M,Gold
2006,Turin,Skating,Speed skating,"KRAMER, Sven",NED,Men,5000M,Silver
2006,Turin,Skating,Speed skating,"KLASSEN, Cindy",CAN,Women,5000M,Bronze
2006,Turin,Skating,Speed skating,"HUGHES, Clara",CAN,Women,5000M,Gold
2006,Turin,Skating,Speed skating,"PECHSTEIN, Claudia",GER,Women,5000M,Silver
2006,Turin,Skating,Speed skating,"LEE, Kang Seok",KOR,Men,500M,Bronze
2006,Turin,Skating,Speed skating,"CHEEK, Joey",USA,Men,500M,Gold
2006,Turin,Skating,Speed skating,"DOROFEYEV, Dmitry",RUS,Men,500M,Silver
2006,Turin,Skating,Speed skating,"REN, Hui",CHN,Women,500M,Bronze
2006,Turin,Skating,Speed skating,"ZHUROVA, Svetlana",RUS,Women,500M,Gold
2006,Turin,Skating,Speed skating,"WANG, Manli",CHN,Women,500M,Silver
2006,Turin,Skating,Speed skating,"KRAMER, Sven",NED,Men,Team Pursuit,Bronze
2006,Turin,Skating,Speed skating,"RITSMA, Rintje",NED,Men,Team Pursuit,Bronze
2006,Turin,Skating,Speed skating,"TUITERT, Mark",NED,Men,Team Pursuit,Bronze
2006,Turin,Skating,Speed skating,"VERHEIJEN, Carl",NED,Men,Team Pursuit,Bronze
2006,Turin,Skating,Speed skating,"WENNEMARS, Erben",NED,Men,Team Pursuit,Bronze
2006,Turin,Skating,Speed skating,"ANESI, Matteo",ITA,Men,Team Pursuit,Gold
2006,Turin,Skating,Speed skating,"DONAGRANDI, Stefano",ITA,Men,Team Pursuit,Gold
2006,Turin,Skating,Speed skating,"FABRIS, Enrico",ITA,Men,Team Pursuit,Gold
2006,Turin,Skating,Speed skating,"SANFRATELLO, Ippolito",ITA,Men,Team Pursuit,Gold
2006,Turin,Skating,Speed skating,"DANKERS, Arne",CAN,Men,Team Pursuit,Silver
2006,Turin,Skating,Speed skating,"ELM, Steven",CAN,Men,Team Pursuit,Silver
2006,Turin,Skating,Speed skating,"MORRISON, Denny",CAN,Men,Team Pursuit,Silver
2006,Turin,Skating,Speed skating,"PARKER, Jason",CAN,Men,Team Pursuit,Silver
2006,Turin,Skating,Speed skating,"WARSYLEWICZ, Justin",CAN,Men,Team Pursuit,Silver
2006,Turin,Skating,Speed skating,"ABRAMOVA, Yekaterina",RUS,Women,Team Pursuit,Bronze
2006,Turin,Skating,Speed skating,"BARYSHEVA, Varvara",RUS,Women,Team Pursuit,Bronze
2006,Turin,Skating,Speed skating,"LIKHACHOVA, Galina",RUS,Women,Team Pursuit,Bronze
2006,Turin,Skating,Speed skating,"LOBYSHEVA, Yekaterina",RUS,Women,Team Pursuit,Bronze
2006,Turin,Skating,Speed skating,"VYSOKOVA, Svetlana",RUS,Women,Team Pursuit,Bronze
2006,Turin,Skating,Speed skating,"ANSCHUETZ THOMS, Daniela",GER,Women,Team Pursuit,Gold
2006,Turin,Skating,Speed skating,"FRIESINGER-POSTMA, Anna",GER,Women,Team Pursuit,Gold
2006,Turin,Skating,Speed skating,"OPITZ, Lucille",GER,Women,Team Pursuit,Gold
2006,Turin,Skating,Speed skating,"PECHSTEIN, Claudia",GER,Women,Team Pursuit,Gold
2006,Turin,Skating,Speed skating,"VOELKER, Sabine",GER,Women,Team Pursuit,Gold
2006,Turin,Skating,Speed skating,"GROVES, Kristina",CAN,Women,Team Pursuit,Silver
2006,Turin,Skating,Speed skating,"HUGHES, Clara",CAN,Women,Team Pursuit,Silver
2006,Turin,Skating,Speed skating,"KLASSEN, Cindy",CAN,Women,Team Pursuit,Silver
2006,Turin,Skating,Speed skating,"NESBITT, Christine",CAN,Women,Team Pursuit,Silver
2006,Turin,Skating,Speed skating,"REMPEL, Shannon",CAN,Women,Team Pursuit,Silver
2006,Turin,Skiing,Alpine Skiing,"SCHOENFELDER, Rainer",AUT,Men,Alpine Combined,Bronze
2006,Turin,Skiing,Alpine Skiing,"LIGETY, Ted",USA,Men,Alpine Combined,Gold
2006,Turin,Skiing,Alpine Skiing,"KOSTELIC, Ivica",CRO,Men,Alpine Combined,Silver
2006,Turin,Skiing,Alpine Skiing,"PAERSON, Anja",SWE,Women,Alpine Combined,Bronze
2006,Turin,Skiing,Alpine Skiing,"KOSTELIC, Janica",CRO,Women,Alpine Combined,Gold
2006,Turin,Skiing,Alpine Skiing,"SCHILD, Marlies",AUT,Women,Alpine Combined,Silver
2006,Turin,Skiing,Alpine Skiing,"KERNEN, Bruno",SUI,Men,Downhill,Bronze
2006,Turin,Skiing,Alpine Skiing,"DENERIAZ, Antoine",FRA,Men,Downhill,Gold
2006,Turin,Skiing,Alpine Skiing,"WALCHHOFER, Michael",AUT,Men,Downhill,Silver
2006,Turin,Skiing,Alpine Skiing,"PAERSON, Anja",SWE,Women,Downhill,Bronze
2006,Turin,Skiing,Alpine Skiing,"DORFMEISTER, Michaela",AUT,Women,Downhill,Gold
2006,Turin,Skiing,Alpine Skiing,"SCHILD, Martina",SUI,Women,Downhill,Silver
2006,Turin,Skiing,Alpine Skiing,"MAIER, Hermann",AUT,Men,Giant Slalom,Bronze
2006,Turin,Skiing,Alpine Skiing,"RAICH, Benjamin",AUT,Men,Giant Slalom,Gold
2006,Turin,Skiing,Alpine Skiing,"CHENAL, Joel",FRA,Men,Giant Slalom,Silver
2006,Turin,Skiing,Alpine Skiing,"OTTOSSON, Anna",SWE,Women,Giant Slalom,Bronze
2006,Turin,Skiing,Alpine Skiing,"MANCUSO, Julia",USA,Women,Giant Slalom,Gold
2006,Turin,Skiing,Alpine Skiing,"POUTIAINEN, Tanja",FIN,Women,Giant Slalom,Silver
2006,Turin,Skiing,Alpine Skiing,"SCHOENFELDER, Rainer",AUT,Men,Slalom,Bronze
2006,Turin,Skiing,Alpine Skiing,"RAICH, Benjamin",AUT,Men,Slalom,Gold
2006,Turin,Skiing,Alpine Skiing,"HERBST, Reinfried",AUT,Men,Slalom,Silver
2006,Turin,Skiing,Alpine Skiing,"SCHILD, Marlies",AUT,Women,Slalom,Bronze
2006,Turin,Skiing,Alpine Skiing,"PAERSON, Anja",SWE,Women,Slalom,Gold
2006,Turin,Skiing,Alpine Skiing,"HOSP, Nicole",AUT,Women,Slalom,Silver
2006,Turin,Skiing,Alpine Skiing,"HOFFMANN, Ambrosi",SUI,Men,Super-G,Bronze
2006,Turin,Skiing,Alpine Skiing,"AAMODT, Kjetil Andre",NOR,Men,Super-G,Gold
2006,Turin,Skiing,Alpine Skiing,"MAIER, Hermann",AUT,Men,Super-G,Silver
2006,Turin,Skiing,Alpine Skiing,"MEISSNITZER, Alexandra",AUT,Women,Super-G,Bronze
2006,Turin,Skiing,Alpine Skiing,"DORFMEISTER, Michaela",AUT,Women,Super-G,Gold
2006,Turin,Skiing,Alpine Skiing,"KOSTELIC, Janica",CRO,Women,Super-G,Silver
2006,Turin,Skiing,Cross Country Skiing,"PEDERSEN, Hilde G",NOR,Women,10KM,Bronze
2006,Turin,Skiing,Cross Country Skiing,"SMIGUN, Kristina",EST,Women,10KM,Gold
2006,Turin,Skiing,Cross Country Skiing,"BJORGEN, Marit",NOR,Women,10KM,Silver
2006,Turin,Skiing,Cross Country Skiing,"ANGERER, Tobias",GER,Men,15KM,Bronze
2006,Turin,Skiing,Cross Country Skiing,"VEERPALU, Andrus",EST,Men,15KM,Gold
2006,Turin,Skiing,Cross Country Skiing,"BAUER, Lukas",CZE,Men,15KM,Silver
2006,Turin,Skiing,Cross Country Skiing,"KOWALCZYK, Justyna",POL,Women,30KM,Bronze
2006,Turin,Skiing,Cross Country Skiing,"NEUMANNOVA, Katerina",CZE,Women,30KM,Gold
2006,Turin,Skiing,Cross Country Skiing,"TCHEPALOVA, Julija",RUS,Women,30KM,Silver
2006,Turin,Skiing,Cross Country Skiing,"FREDRIKSSON, Mathias",SWE,Men,4X10KM Relay,Bronze
2006,Turin,Skiing,Cross Country Skiing,"LARSSON, Mats",SWE,Men,4X10KM Relay,Bronze
2006,Turin,Skiing,Cross Country Skiing,"OLSSON, Johan",SWE,Men,4X10KM Relay,Bronze
2006,Turin,Skiing,Cross Country Skiing,"SOEDERGREN, Anders",SWE,Men,4X10KM Relay,Bronze
2006,Turin,Skiing,Cross Country Skiing,"DI CENTA, Giorgio",ITA,Men,4X10KM Relay,Gold
2006,Turin,Skiing,Cross Country Skiing,"PILLER COTTRER, Pietro",ITA,Men,4X10KM Relay,Gold
2006,Turin,Skiing,Cross Country Skiing,"VALBUSA, Fulvio",ITA,Men,4X10KM Relay,Gold
2006,Turin,Skiing,Cross Country Skiing,"ZORZI, Cristian",ITA,Men,4X10KM Relay,Gold
2006,Turin,Skiing,Cross Country Skiing,"ANGERER, Tobias",GER,Men,4X10KM Relay,Silver
2006,Turin,Skiing,Cross Country Skiing,"FILBRICH, Jens",GER,Men,4X10KM Relay,Silver
2006,Turin,Skiing,Cross Country Skiing,"SCHLUETTER, Andreas",GER,Men,4X10KM Relay,Silver
2006,Turin,Skiing,Cross Country Skiing,"SOMMERFELDT, Rene",GER,Men,4X10KM Relay,Silver
2006,Turin,Skiing,Cross Country Skiing,"CONFORTOLA, Antonella",ITA,Women,4X5KM Relay,Bronze
2006,Turin,Skiing,Cross Country Skiing,"FOLLIS, Arianna",ITA,Women,4X5KM Relay,Bronze
2006,Turin,Skiing,Cross Country Skiing,"PARUZZI, Gabriella",ITA,Women,4X5KM Relay,Bronze
2006,Turin,Skiing,Cross Country Skiing,"VALBUSA, Sabina",ITA,Women,4X5KM Relay,Bronze
2006,Turin,Skiing,Cross Country Skiing,"BARANOVA-MASOLKINA, Natalia",RUS,Women,4X5KM Relay,Gold
2006,Turin,Skiing,Cross Country Skiing,"KURKINA, Larisa",RUS,Women,4X5KM Relay,Gold
2006,Turin,Skiing,Cross Country Skiing,"MEDVEDEVA-ABRUZOVA, Evgenia",RUS,Women,4X5KM Relay,Gold
2006,Turin,Skiing,Cross Country Skiing,"TCHEPALOVA, Julija",RUS,Women,4X5KM Relay,Gold
2006,Turin,Skiing,Cross Country Skiing,"BAUER, Viola",GER,Women,4X5KM Relay,Silver
2006,Turin,Skiing,Cross Country Skiing,"BOEHLER, Stefanie",GER,Women,4X5KM Relay,Silver
2006,Turin,Skiing,Cross Country Skiing,"KUENZEL, Claudia",GER,Women,4X5KM Relay,Silver
2006,Turin,Skiing,Cross Country Skiing,"SACHENBACHER STEHLE, Evi",GER,Women,4X5KM Relay,Silver
2006,Turin,Skiing,Cross Country Skiing,"BOTWINOV, Mikhail",AUT,Men,50KM,Bronze
2006,Turin,Skiing,Cross Country Skiing,"DI CENTA, Giorgio",ITA,Men,50KM,Gold
2006,Turin,Skiing,Cross Country Skiing,"DEMENTIEV, Eugeni",RUS,Men,50KM,Silver
2006,Turin,Skiing,Cross Country Skiing,"PILLER COTTRER, Pietro",ITA,Men,Combined 15 + 15KM Mass Start,Bronze
2006,Turin,Skiing,Cross Country Skiing,"DEMENTIEV, Eugeni",RUS,Men,Combined 15 + 15KM Mass Start,Gold
2006,Turin,Skiing,Cross Country Skiing,"ESTIL, Frode",NOR,Men,Combined 15 + 15KM Mass Start,Silver
2006,Turin,Skiing,Cross Country Skiing,"MEDVEDEVA-ABRUZOVA, Evgenia",RUS,Women,Combined 7.5 + 7.5Km Mass Start,Bronze
2006,Turin,Skiing,Cross Country Skiing,"SMIGUN, Kristina",EST,Women,Combined 7.5 + 7.5Km Mass Start,Gold
2006,Turin,Skiing,Cross Country Skiing,"NEUMANNOVA, Katerina",CZE,Women,Combined 7.5 + 7.5Km Mass Start,Silver
2006,Turin,Skiing,Cross Country Skiing,"FREDRIKSSON, Thobias",SWE,Men,Sprint 1.5KM,Bronze
2006,Turin,Skiing,Cross Country Skiing,"LIND, Bjoern",SWE,Men,Sprint 1.5KM,Gold
2006,Turin,Skiing,Cross Country Skiing,"DARRAGON, Roddy",FRA,Men,Sprint 1.5KM,Silver
2006,Turin,Skiing,Cross Country Skiing,"SIDKO, Alena",RUS,Women,Sprint 1.5KM,Bronze
2006,Turin,Skiing,Cross Country Skiing,"CRAWFORD, Chandra",CAN,Women,Sprint 1.5KM,Gold
2006,Turin,Skiing,Cross Country Skiing,"KUENZEL, Claudia",GER,Women,Sprint 1.5KM,Silver
2006,Turin,Skiing,Cross Country Skiing,"ALYPOV, Ivan",RUS,Men,Team Sprint,Bronze
2006,Turin,Skiing,Cross Country Skiing,"ROTCHEV, Vassili",RUS,Men,Team Sprint,Bronze
2006,Turin,Skiing,Cross Country Skiing,"FREDRIKSSON, Thobias",SWE,Men,Team Sprint,Gold
2006,Turin,Skiing,Cross Country Skiing,"LIND, Bjoern",SWE,Men,Team Sprint,Gold
2006,Turin,Skiing,Cross Country Skiing,"HETLAND, Tor Arne",NOR,Men,Team Sprint,Silver
2006,Turin,Skiing,Cross Country Skiing,"SVARTEDAL, Jens Arne",NOR,Men,Team Sprint,Silver
2006,Turin,Skiing,Cross Country Skiing,"KUITUNEN, Virpi",FIN,Women,Team Sprint,Bronze
2006,Turin,Skiing,Cross Country Skiing,"SAARINEN, Aino Kaisa",FIN,Women,Team Sprint,Bronze
2006,Turin,Skiing,Cross Country Skiing,"ANDERSSON, Lina",SWE,Women,Team Sprint,Gold
2006,Turin,Skiing,Cross Country Skiing,"DAHLBERG, Anna",SWE,Women,Team Sprint,Gold
2006,Turin,Skiing,Cross Country Skiing,"RENNER, Sara",CAN,Women,Team Sprint,Silver
2006,Turin,Skiing,Cross Country Skiing,"SCOTT, Beckie",CAN,Women,Team Sprint,Silver
2006,Turin,Skiing,Freestyle Skiing,"LEBEDEV, Vladimir",RUS,Men,Aerials,Bronze
2006,Turin,Skiing,Freestyle Skiing,"HAN, Xiaopeng",CHN,Men,Aerials,Gold
2006,Turin,Skiing,Freestyle Skiing,"DASHINSKI, Dmitri",BLR,Men,Aerials,Silver
2006,Turin,Skiing,Freestyle Skiing,"CAMPLIN, Alisa",AUS,Women,Aerials,Bronze
2006,Turin,Skiing,Freestyle Skiing,"LEU, Evelyne",SUI,Women,Aerials,Gold
2006,Turin,Skiing,Freestyle Skiing,"LI, Nina",CHN,Women,Aerials,Silver
2006,Turin,Skiing,Freestyle Skiing,"DAWSON, Toby",USA,Men,Moguls,Bronze
2006,Turin,Skiing,Freestyle Skiing,"BEGG-SMITH, Dale",AUS,Men,Moguls,Gold
2006,Turin,Skiing,Freestyle Skiing,"RONKAINEN, Mikko",FIN,Men,Moguls,Silver
2006,Turin,Skiing,Freestyle Skiing,"LAOURA, Sandra",FRA,Women,Moguls,Bronze
2006,Turin,Skiing,Freestyle Skiing,"HEIL, Jennifer",CAN,Women,Moguls,Gold
2006,Turin,Skiing,Freestyle Skiing,"TRAA, Kari",NOR,Women,Moguls,Silver
2006,Turin,Skiing,Nordic Combined,"MOAN, Magnus H.",NOR,Men,Individual,Bronze
2006,Turin,Skiing,Nordic Combined,"HETTICH, Georg",GER,Men,Individual,Gold
2006,Turin,Skiing,Nordic Combined,"GOTTWALD, Felix",AUT,Men,Individual,Silver
2006,Turin,Skiing,Nordic Combined,"HETTICH, Georg",GER,Men,Individual Sprint,Bronze
2006,Turin,Skiing,Nordic Combined,"GOTTWALD, Felix",AUT,Men,Individual Sprint,Gold
2006,Turin,Skiing,Nordic Combined,"MOAN, Magnus H.",NOR,Men,Individual Sprint,Silver
2006,Turin,Skiing,Nordic Combined,"KOIVURANTA, Anssi",FIN,Men,Team,Bronze
2006,Turin,Skiing,Nordic Combined,"KUISMA, Antti",FIN,Men,Team,Bronze
2006,Turin,Skiing,Nordic Combined,"MANNINEN, Hannu",FIN,Men,Team,Bronze
2006,Turin,Skiing,Nordic Combined,"TALLUS, Jaakko",FIN,Men,Team,Bronze
2006,Turin,Skiing,Nordic Combined,"BIELER, Christoph",AUT,Men,Team,Gold
2006,Turin,Skiing,Nordic Combined,"GOTTWALD, Felix",AUT,Men,Team,Gold
2006,Turin,Skiing,Nordic Combined,"GRUBER, Michael",AUT,Men,Team,Gold
2006,Turin,Skiing,Nordic Combined,"STECHER, Mario",AUT,Men,Team,Gold
2006,Turin,Skiing,Nordic Combined,"ACKERMANN, Ronny",GER,Men,Team,Silver
2006,Turin,Skiing,Nordic Combined,"GAISER, Jens",GER,Men,Team,Silver
2006,Turin,Skiing,Nordic Combined,"HETTICH, Georg",GER,Men,Team,Silver
2006,Turin,Skiing,Nordic Combined,"KIRCHEISEN, Bjoern",GER,Men,Team,Silver
2006,Turin,Skiing,Ski Jumping,"BYSTOEL, Lars",NOR,Men,K120 Individual (90M),Bronze
2006,Turin,Skiing,Ski Jumping,"MORGENSTERN, Thomas",AUT,Men,K120 Individual (90M),Gold
2006,Turin,Skiing,Ski Jumping,"KOFLER, Andreas",AUT,Men,K120 Individual (90M),Silver
2006,Turin,Skiing,Ski Jumping,"BYSTOEL, Lars",NOR,Men,K120 Team (90M),Bronze
2006,Turin,Skiing,Ski Jumping,"INGEBRIGTSEN, Tommy",NOR,Men,K120 Team (90M),Bronze
2006,Turin,Skiing,Ski Jumping,"LJOEKELSOEY, Roar",NOR,Men,K120 Team (90M),Bronze
2006,Turin,Skiing,Ski Jumping,"ROMOEREN, Bjoern Einar",NOR,Men,K120 Team (90M),Bronze
2006,Turin,Skiing,Ski Jumping,"KOCH, Martin",AUT,Men,K120 Team (90M),Gold
2006,Turin,Skiing,Ski Jumping,"KOFLER, Andreas",AUT,Men,K120 Team (90M),Gold
2006,Turin,Skiing,Ski Jumping,"MORGENSTERN, Thomas",AUT,Men,K120 Team (90M),Gold
2006,Turin,Skiing,Ski Jumping,"WIDHOELZL, Andreas",AUT,Men,K120 Team (90M),Gold
2006,Turin,Skiing,Ski Jumping,"AHONEN, Janne",FIN,Men,K120 Team (90M),Silver
2006,Turin,Skiing,Ski Jumping,"HAPPONEN, Janne",FIN,Men,K120 Team (90M),Silver
2006,Turin,Skiing,Ski Jumping,"HAUTAMAEKI, Matti",FIN,Men,K120 Team (90M),Silver
2006,Turin,Skiing,Ski Jumping,"KIURU, Tami",FIN,Men,K120 Team (90M),Silver
2006,Turin,Skiing,Ski Jumping,"LJOEKELSOEY, Roar",NOR,Men,K90 Individual (70M),Bronze
2006,Turin,Skiing,Ski Jumping,"BYSTOEL, Lars",NOR,Men,K90 Individual (70M),Gold
2006,Turin,Skiing,Ski Jumping,"HAUTAMAEKI, Matti",FIN,Men,K90 Individual (70M),Silver
2006,Turin,Skiing,Snowboard,"GRABNER, Siegfried",AUT,Men,Giant Parallel Slalom,Bronze
2006,Turin,Skiing,Snowboard,"SCHOCH, Philipp",SUI,Men,Giant Parallel Slalom,Gold
2006,Turin,Skiing,Snowboard,"SCHOCH, Simon",SUI,Men,Giant Parallel Slalom,Silver
2006,Turin,Skiing,Snowboard,"FLETCHER, Rosey",USA,Women,Giant Parallel Slalom,Bronze
2006,Turin,Skiing,Snowboard,"MEULI, Daniela",SUI,Women,Giant Parallel Slalom,Gold
2006,Turin,Skiing,Snowboard,"KOBER, Amelie",GER,Women,Giant Parallel Slalom,Silver
2006,Turin,Skiing,Snowboard,"KOSKI, Markku",FIN,Men,Half-Pipe,Bronze
2006,Turin,Skiing,Snowboard,"WHITE, Shaun",USA,Men,Half-Pipe,Gold
2006,Turin,Skiing,Snowboard,"KASS, Danny",USA,Men,Half-Pipe,Silver
2006,Turin,Skiing,Snowboard,"BUAAS, Kjersti",NOR,Women,Half-Pipe,Bronze
2006,Turin,Skiing,Snowboard,"TETER, Hannah",USA,Women,Half-Pipe,Gold
2006,Turin,Skiing,Snowboard,"BLEILER, Gretchen",USA,Women,Half-Pipe,Silver
2006,Turin,Skiing,Snowboard,"DELERUE, Paul-Henri",FRA,Men,Snowboard Cross,Bronze
2006,Turin,Skiing,Snowboard,"WESCOTT, Seth",USA,Men,Snowboard Cross,Gold
2006,Turin,Skiing,Snowboard,"ZIDEK, Radoslav",SVK,Men,Snowboard Cross,Silver
2006,Turin,Skiing,Snowboard,"MALTAIS, Dominique",CAN,Women,Snowboard Cross,Bronze
2006,Turin,Skiing,Snowboard,"FRIEDEN, Tanja",SUI,Women,Snowboard Cross,Gold
2006,Turin,Skiing,Snowboard,"JACOBELLIS, Lindsey",USA,Women,Snowboard Cross,Silver
2010,Vancouver,Biathlon,Biathlon,"FAK, Jakov",CRO,Men,10KM,Bronze
2010,Vancouver,Biathlon,Biathlon,"JAY, Vincent",FRA,Men,10KM,Gold
2010,Vancouver,Biathlon,Biathlon,"SVENDSEN, Emil Hegle",NOR,Men,10KM,Silver
2010,Vancouver,Biathlon,Biathlon,"BRUNET, Marie Laure",FRA,Women,10KM Pursuit,Bronze
2010,Vancouver,Biathlon,Biathlon,"NEUNER, Magdalena",GER,Women,10KM Pursuit,Gold
2010,Vancouver,Biathlon,Biathlon,"KUZMINA, Anastazia",SVK,Women,10KM Pursuit,Silver
2010,Vancouver,Biathlon,Biathlon,"HAUSWALD, Simone",GER,Women,12.5KM Mass Start,Bronze
2010,Vancouver,Biathlon,Biathlon,"NEUNER, Magdalena",GER,Women,12.5KM Mass Start,Gold
2010,Vancouver,Biathlon,Biathlon,"ZAITSEVA, Olga",RUS,Women,12.5KM Mass Start,Silver
2010,Vancouver,Biathlon,Biathlon,"JAY, Vincent",FRA,Men,12.5Km Pursuit,Bronze
2010,Vancouver,Biathlon,Biathlon,"FERRY, Bjorn",SWE,Men,12.5Km Pursuit,Gold
2010,Vancouver,Biathlon,Biathlon,"SUMANN, Christoph",AUT,Men,12.5Km Pursuit,Silver
2010,Vancouver,Biathlon,Biathlon,"DOMRACHEVA, Darya",BLR,Women,15KM,Bronze
2010,Vancouver,Biathlon,Biathlon,"BERGER, Tora",NOR,Women,15KM,Gold
2010,Vancouver,Biathlon,Biathlon,"KHRUSTALEVA, Elena",KAZ,Women,15KM,Silver
2010,Vancouver,Biathlon,Biathlon,"HURAJT, Pavol",SVK,Men,15KM Mass Start,Bronze
2010,Vancouver,Biathlon,Biathlon,"USTYUGOV, Evgeny",RUS,Men,15KM Mass Start,Gold
2010,Vancouver,Biathlon,Biathlon,"FOURCADE, Martin",FRA,Men,15KM Mass Start,Silver
2010,Vancouver,Biathlon,Biathlon,"SVENDSEN, Emil Hegle",NOR,Men,20KM,Gold
2010,Vancouver,Biathlon,Biathlon,"NOVIKOV, Sergey",BLR,Men,20KM,Silver
2010,Vancouver,Biathlon,Biathlon,"BJOERNDALEN, Ole Einar",NOR,Men,20KM,Silver
2010,Vancouver,Biathlon,Biathlon,"BECK, Martina",GER,Women,4X6KM Relay,Bronze
2010,Vancouver,Biathlon,Biathlon,"HAUSWALD, Simone",GER,Women,4X6KM Relay,Bronze
2010,Vancouver,Biathlon,Biathlon,"HENKEL, Andrea",GER,Women,4X6KM Relay,Bronze
2010,Vancouver,Biathlon,Biathlon,"WILHELM, Kati",GER,Women,4X6KM Relay,Bronze
2010,Vancouver,Biathlon,Biathlon,"BOGALIY-TITOVETS, Anna",RUS,Women,4X6KM Relay,Gold
2010,Vancouver,Biathlon,Biathlon,"MEDVEDTSEVA, Olga",RUS,Women,4X6KM Relay,Gold
2010,Vancouver,Biathlon,Biathlon,"SLEPTSOVA, Svetlana",RUS,Women,4X6KM Relay,Gold
2010,Vancouver,Biathlon,Biathlon,"ZAITSEVA, Olga",RUS,Women,4X6KM Relay,Gold
2010,Vancouver,Biathlon,Biathlon,"BAILLY, Sandrine",FRA,Women,4X6KM Relay,Silver
2010,Vancouver,Biathlon,Biathlon,"BECAERT, Sylvie",FRA,Women,4X6KM Relay,Silver
2010,Vancouver,Biathlon,Biathlon,"BRUNET, Marie Laure",FRA,Women,4X6KM Relay,Silver
2010,Vancouver,Biathlon,Biathlon,"DORIN, Marie",FRA,Women,4X6KM Relay,Silver
2010,Vancouver,Biathlon,Biathlon,"SHIPULIN, Anton",RUS,Men,4X7.5KM Relay,Bronze
2010,Vancouver,Biathlon,Biathlon,"TCHEREZOV, Ivan",RUS,Men,4X7.5KM Relay,Bronze
2010,Vancouver,Biathlon,Biathlon,"TCHOUDOV, Maxim",RUS,Men,4X7.5KM Relay,Bronze
2010,Vancouver,Biathlon,Biathlon,"USTYUGOV, Evgeny",RUS,Men,4X7.5KM Relay,Bronze
2010,Vancouver,Biathlon,Biathlon,"BJOERNDALEN, Ole Einar",NOR,Men,4X7.5KM Relay,Gold
2010,Vancouver,Biathlon,Biathlon,"BOE, Tarjei",NOR,Men,4X7.5KM Relay,Gold
2010,Vancouver,Biathlon,Biathlon,"HANEVOLD, Halvard",NOR,Men,4X7.5KM Relay,Gold
2010,Vancouver,Biathlon,Biathlon,"SVENDSEN, Emil Hegle",NOR,Men,4X7.5KM Relay,Gold
2010,Vancouver,Biathlon,Biathlon,"EDER, Simon",AUT,Men,4X7.5KM Relay,Silver
2010,Vancouver,Biathlon,Biathlon,"LANDERTINGER, Dominik",AUT,Men,4X7.5KM Relay,Silver
2010,Vancouver,Biathlon,Biathlon,"MESOTITSCH, Daniel",AUT,Men,4X7.5KM Relay,Silver
2010,Vancouver,Biathlon,Biathlon,"SUMANN, Christoph",AUT,Men,4X7.5KM Relay,Silver
2010,Vancouver,Biathlon,Biathlon,"DORIN, Marie",FRA,Women,7.5KM,Bronze
2010,Vancouver,Biathlon,Biathlon,"KUZMINA, Anastazia",SVK,Women,7.5KM,Gold
2010,Vancouver,Biathlon,Biathlon,"NEUNER, Magdalena",GER,Women,7.5KM,Silver
2010,Vancouver,Bobsleigh,Bobsleigh,"BISSETT, David",CAN,Men,Four-Man,Bronze
2010,Vancouver,Bobsleigh,Bobsleigh,"BROWN, Lascelles",CAN,Men,Four-Man,Bronze
2010,Vancouver,Bobsleigh,Bobsleigh,"Le BIHAN, Chris",CAN,Men,Four-Man,Bronze
2010,Vancouver,Bobsleigh,Bobsleigh,"RUSH, Lyndon",CAN,Men,Four-Man,Bronze
2010,Vancouver,Bobsleigh,Bobsleigh,"HOLCOMB, Steven",USA,Men,Four-Man,Gold
2010,Vancouver,Bobsleigh,Bobsleigh,"MESLER, Steve",USA,Men,Four-Man,Gold
2010,Vancouver,Bobsleigh,Bobsleigh,"OLSEN, Justin",USA,Men,Four-Man,Gold
2010,Vancouver,Bobsleigh,Bobsleigh,"TOMASEVICZ, Curtis",USA,Men,Four-Man,Gold
2010,Vancouver,Bobsleigh,Bobsleigh,"KUSKE, Kevin",GER,Men,Four-Man,Silver
2010,Vancouver,Bobsleigh,Bobsleigh,"LANGE, Andre",GER,Men,Four-Man,Silver
2010,Vancouver,Bobsleigh,Bobsleigh,"PUTZE, Martin",GER,Men,Four-Man,Silver
2010,Vancouver,Bobsleigh,Bobsleigh,"ROEDIGER, Alexander",GER,Men,Four-Man,Silver
2010,Vancouver,Bobsleigh,Bobsleigh,"VOEVODA, Alexey",RUS,Men,Two-Man,Bronze
2010,Vancouver,Bobsleigh,Bobsleigh,"ZUBKOV, Alexsandr",RUS,Men,Two-Man,Bronze
2010,Vancouver,Bobsleigh,Bobsleigh,"KUSKE, Kevin",GER,Men,Two-Man,Gold
2010,Vancouver,Bobsleigh,Bobsleigh,"LANGE, Andre",GER,Men,Two-Man,Gold
2010,Vancouver,Bobsleigh,Bobsleigh,"ADJEI, Richard",GER,Men,Two-Man,Silver
2010,Vancouver,Bobsleigh,Bobsleigh,"FLORSCHUETZ, Thomas",GER,Men,Two-Man,Silver
2010,Vancouver,Bobsleigh,Bobsleigh,"MEYERS, Elana",USA,Women,Two-Man,Bronze
2010,Vancouver,Bobsleigh,Bobsleigh,"PAC, Erin",USA,Women,Two-Man,Bronze
2010,Vancouver,Bobsleigh,Bobsleigh,"HUMPHRIES, Kaillie",CAN,Women,Two-Man,Gold
2010,Vancouver,Bobsleigh,Bobsleigh,"MOYSE, Heather",CAN,Women,Two-Man,Gold
2010,Vancouver,Bobsleigh,Bobsleigh,"BROWN, Shelley-Ann",CAN,Women,Two-Man,Silver
2010,Vancouver,Bobsleigh,Bobsleigh,"UPPERTON, Helen",CAN,Women,Two-Man,Silver
2010,Vancouver,Bobsleigh,Skeleton,"TRETYAKOV, Alexander",RUS,Men,Individual,Bronze
2010,Vancouver,Bobsleigh,Skeleton,"MONTGOMERY, Jon",CAN,Men,Individual,Gold
2010,Vancouver,Bobsleigh,Skeleton,"DUKURS, Martins",LAT,Men,Individual,Silver
2010,Vancouver,Bobsleigh,Skeleton,"HUBER, Anja",GER,Women,Individual,Bronze
2010,Vancouver,Bobsleigh,Skeleton,"WILLIAMS, Amy",GBR,Women,Individual,Gold
2010,Vancouver,Bobsleigh,Skeleton,"SZYMKOWIAK, Kerstin",GER,Women,Individual,Silver
2010,Vancouver,Curling,Curling,"EGGLER, Markus",SUI,Men,Curling,Bronze
2010,Vancouver,Curling,Curling,"HAUSER, Jan",SUI,Men,Curling,Bronze
2010,Vancouver,Curling,Curling,"MUELLER, Toni",SUI,Men,Curling,Bronze
2010,Vancouver,Curling,Curling,"STOECKLI, Ralph",SUI,Men,Curling,Bronze
2010,Vancouver,Curling,Curling,"STRUEBIN, Simon",SUI,Men,Curling,Bronze
2010,Vancouver,Curling,Curling,"ENRIGHT, Adam",CAN,Men,Curling,Gold
2010,Vancouver,Curling,Curling,"HEBERT, Ben",CAN,Men,Curling,Gold
2010,Vancouver,Curling,Curling,"KENNEDY, Marc",CAN,Men,Curling,Gold
2010,Vancouver,Curling,Curling,"MARTIN, Kevin",CAN,Men,Curling,Gold
2010,Vancouver,Curling,Curling,"MORRIS, John",CAN,Men,Curling,Gold
2010,Vancouver,Curling,Curling,"LOEVOLD, Thomas",NOR,Men,Curling,Silver
2010,Vancouver,Curling,Curling,"NERGAARD, Torger",NOR,Men,Curling,Silver
2010,Vancouver,Curling,Curling,"PETERSSON, Haavard Vad",NOR,Men,Curling,Silver
2010,Vancouver,Curling,Curling,"SVAE, Christoffer",NOR,Men,Curling,Silver
2010,Vancouver,Curling,Curling,"ULSRUD, Thomas",NOR,Men,Curling,Silver
2010,Vancouver,Curling,Curling,"LIU, Jinli",CHN,Women,Curling,Bronze
2010,Vancouver,Curling,Curling,"LIU, Yin",CHN,Women,Curling,Bronze
2010,Vancouver,Curling,Curling,"WANG, Bingyu",CHN,Women,Curling,Bronze
2010,Vancouver,Curling,Curling,"YUE, Qingshuang",CHN,Women,Curling,Bronze
2010,Vancouver,Curling,Curling,"ZHOU, Yan",CHN,Women,Curling,Bronze
2010,Vancouver,Curling,Curling,"BERGSTROEM, Kajsa",SWE,Women,Curling,Gold
2010,Vancouver,Curling,Curling,"SVAERD, Anna",SWE,Women,Curling,Gold
2010,Vancouver,Curling,Curling,"LINDAHL, Cathrine",SWE,Women,Curling,Gold
2010,Vancouver,Curling,Curling,"LUND, Eva",SWE,Women,Curling,Gold
2010,Vancouver,Curling,Curling,"NORBERG, Anette",SWE,Women,Curling,Gold
2010,Vancouver,Curling,Curling,"BARTEL, Cori",CAN,Women,Curling,Silver
2010,Vancouver,Curling,Curling,"BERNARD, Cheryl",CAN,Women,Curling,Silver
2010,Vancouver,Curling,Curling,"DARBYSHIRE, Carolyn",CAN,Women,Curling,Silver
2010,Vancouver,Curling,Curling,"MOORE, Kristie",CAN,Women,Curling,Silver
2010,Vancouver,Curling,Curling,"O CONNOR, Susan",CAN,Women,Curling,Silver
2010,Vancouver,Ice Hockey,Ice Hockey,"BACKSTROM, Niklas",FIN,Men,Ice Hockey,Bronze
2010,Vancouver,Ice Hockey,Ice Hockey,"FILPPULA, Valtteri",FIN,Men,Ice Hockey,Bronze
2010,Vancouver,Ice Hockey,Ice Hockey,"HAGMAN, Niklas",FIN,Men,Ice Hockey,Bronze
2010,Vancouver,Ice Hockey,Ice Hockey,"IMMONEN, Jarkko",FIN,Men,Ice Hockey,Bronze
2010,Vancouver,Ice Hockey,Ice Hockey,"JOKINEN, Olli",FIN,Men,Ice Hockey,Bronze
2010,Vancouver,Ice Hockey,Ice Hockey,"KAPANEN, Niko",FIN,Men,Ice Hockey,Bronze
2010,Vancouver,Ice Hockey,Ice Hockey,"KIPRUSOFF, Miikka",FIN,Men,Ice Hockey,Bronze
2010,Vancouver,Ice Hockey,Ice Hockey,"KOIVU, Mikko",FIN,Men,Ice Hockey,Bronze
2010,Vancouver,Ice Hockey,Ice Hockey,"KOIVU, Saku",FIN,Men,Ice Hockey,Bronze
2010,Vancouver,Ice Hockey,Ice Hockey,"KUKKONEN, Lasse",FIN,Men,Ice Hockey,Bronze
2010,Vancouver,Ice Hockey,Ice Hockey,"LEHTINEN, Jere",FIN,Men,Ice Hockey,Bronze
2010,Vancouver,Ice Hockey,Ice Hockey,"LEPISTO, Sami",FIN,Men,Ice Hockey,Bronze
2010,Vancouver,Ice Hockey,Ice Hockey,"LYDMAN, Toni",FIN,Men,Ice Hockey,Bronze
2010,Vancouver,Ice Hockey,Ice Hockey,"MIETTINEN, Antti",FIN,Men,Ice Hockey,Bronze
2010,Vancouver,Ice Hockey,Ice Hockey,"NIITTYMAKI, Antero",FIN,Men,Ice Hockey,Bronze
2010,Vancouver,Ice Hockey,Ice Hockey,"NISKALA, Janne",FIN,Men,Ice Hockey,Bronze
2010,Vancouver,Ice Hockey,Ice Hockey,"PELTONEN, Ville",FIN,Men,Ice Hockey,Bronze
2010,Vancouver,Ice Hockey,Ice Hockey,"PITKANEN, Joni",FIN,Men,Ice Hockey,Bronze
2010,Vancouver,Ice Hockey,Ice Hockey,"RUUTU, Jarkko",FIN,Men,Ice Hockey,Bronze
2010,Vancouver,Ice Hockey,Ice Hockey,"RUUTU, Tuomo",FIN,Men,Ice Hockey,Bronze
2010,Vancouver,Ice Hockey,Ice Hockey,"SALO, Sami",FIN,Men,Ice Hockey,Bronze
2010,Vancouver,Ice Hockey,Ice Hockey,"SELANNE, Teemu",FIN,Men,Ice Hockey,Bronze
2010,Vancouver,Ice Hockey,Ice Hockey,"TIMONEN, Kimmo",FIN,Men,Ice Hockey,Bronze
2010,Vancouver,Ice Hockey,Ice Hockey,"BERGERON, Patrice",CAN,Men,Ice Hockey,Gold
2010,Vancouver,Ice Hockey,Ice Hockey,"BOYLE, Dan",CAN,Men,Ice Hockey,Gold
2010,Vancouver,Ice Hockey,Ice Hockey,"BRODEUR, Martin",CAN,Men,Ice Hockey,Gold
2010,Vancouver,Ice Hockey,Ice Hockey,"CROSBY, Sidney",CAN,Men,Ice Hockey,Gold
2010,Vancouver,Ice Hockey,Ice Hockey,"DOUGHTY, Drew",CAN,Men,Ice Hockey,Gold
2010,Vancouver,Ice Hockey,Ice Hockey,"FLEURY, Marc-Andre",CAN,Men,Ice Hockey,Gold
2010,Vancouver,Ice Hockey,Ice Hockey,"GETZLAF, Ryan",CAN,Men,Ice Hockey,Gold
2010,Vancouver,Ice Hockey,Ice Hockey,"HEATLEY, Dany",CAN,Men,Ice Hockey,Gold
2010,Vancouver,Ice Hockey,Ice Hockey,"IGINLA, Jarome",CAN,Men,Ice Hockey,Gold
2010,Vancouver,Ice Hockey,Ice Hockey,"KEITH, Duncan",CAN,Men,Ice Hockey,Gold
2010,Vancouver,Ice Hockey,Ice Hockey,"LUONGO, Roberto",CAN,Men,Ice Hockey,Gold
2010,Vancouver,Ice Hockey,Ice Hockey,"MARLEAU, Patrick",CAN,Men,Ice Hockey,Gold
2010,Vancouver,Ice Hockey,Ice Hockey,"MORROW, Brenden",CAN,Men,Ice Hockey,Gold
2010,Vancouver,Ice Hockey,Ice Hockey,"NASH, Rick",CAN,Men,Ice Hockey,Gold
2010,Vancouver,Ice Hockey,Ice Hockey,"NIEDERMAYER, Scott",CAN,Men,Ice Hockey,Gold
2010,Vancouver,Ice Hockey,Ice Hockey,"PERRY, Corey",CAN,Men,Ice Hockey,Gold
2010,Vancouver,Ice Hockey,Ice Hockey,"PRONGER, Chris",CAN,Men,Ice Hockey,Gold
2010,Vancouver,Ice Hockey,Ice Hockey,"RICHARDS, Mike",CAN,Men,Ice Hockey,Gold
2010,Vancouver,Ice Hockey,Ice Hockey,"SEABROOK, Brent",CAN,Men,Ice Hockey,Gold
2010,Vancouver,Ice Hockey,Ice Hockey,"STAAL, Eric",CAN,Men,Ice Hockey,Gold
2010,Vancouver,Ice Hockey,Ice Hockey,"THORNTON, Joe",CAN,Men,Ice Hockey,Gold
2010,Vancouver,Ice Hockey,Ice Hockey,"TOEWS, Jonathan",CAN,Men,Ice Hockey,Gold
2010,Vancouver,Ice Hockey,Ice Hockey,"WEBER, Shea",CAN,Men,Ice Hockey,Gold
2010,Vancouver,Ice Hockey,Ice Hockey,"BACKES, David",USA,Men,Ice Hockey,Silver
2010,Vancouver,Ice Hockey,Ice Hockey,"BROWN, Dustin",USA,Men,Ice Hockey,Silver
2010,Vancouver,Ice Hockey,Ice Hockey,"CALLAHAN, Ryan",USA,Men,Ice Hockey,Silver
2010,Vancouver,Ice Hockey,Ice Hockey,"DRURY, Chris",USA,Men,Ice Hockey,Silver
2010,Vancouver,Ice Hockey,Ice Hockey,"GLEASON, Tim",USA,Men,Ice Hockey,Silver
2010,Vancouver,Ice Hockey,Ice Hockey,"JOHNSON, Erik",USA,Men,Ice Hockey,Silver
2010,Vancouver,Ice Hockey,Ice Hockey,"JOHNSON, Jack",USA,Men,Ice Hockey,Silver
2010,Vancouver,Ice Hockey,Ice Hockey,"KANE, Patrick",USA,Men,Ice Hockey,Silver
2010,Vancouver,Ice Hockey,Ice Hockey,"KESLER, Ryan",USA,Men,Ice Hockey,Silver
2010,Vancouver,Ice Hockey,Ice Hockey,"KESSEL, Phil",USA,Men,Ice Hockey,Silver
2010,Vancouver,Ice Hockey,Ice Hockey,"LANGENBRUNNER, Jamie",USA,Men,Ice Hockey,Silver
2010,Vancouver,Ice Hockey,Ice Hockey,"MALONE, Ryan",USA,Men,Ice Hockey,Silver
2010,Vancouver,Ice Hockey,Ice Hockey,"MILLER, Ryan",USA,Men,Ice Hockey,Silver
2010,Vancouver,Ice Hockey,Ice Hockey,"ORPIK, Brooks",USA,Men,Ice Hockey,Silver
2010,Vancouver,Ice Hockey,Ice Hockey,"PARISE, Zach",USA,Men,Ice Hockey,Silver
2010,Vancouver,Ice Hockey,Ice Hockey,"PAVELSKI, Joe",USA,Men,Ice Hockey,Silver
2010,Vancouver,Ice Hockey,Ice Hockey,"QUICK, Jonathan",USA,Men,Ice Hockey,Silver
2010,Vancouver,Ice Hockey,Ice Hockey,"RAFALSKI, Brian",USA,Men,Ice Hockey,Silver
2010,Vancouver,Ice Hockey,Ice Hockey,"RYAN, Bobby",USA,Men,Ice Hockey,Silver
2010,Vancouver,Ice Hockey,Ice Hockey,"STASTNY, Paul",USA,Men,Ice Hockey,Silver
2010,Vancouver,Ice Hockey,Ice Hockey,"SUTER, Ryan",USA,Men,Ice Hockey,Silver
2010,Vancouver,Ice Hockey,Ice Hockey,"THOMAS, Tim",USA,Men,Ice Hockey,Silver
2010,Vancouver,Ice Hockey,Ice Hockey,"WHITNEY, Ryan",USA,Men,Ice Hockey,Silver
2010,Vancouver,Ice Hockey,Ice Hockey,"HELIN, Anne",FIN,Women,Ice Hockey,Bronze
2010,Vancouver,Ice Hockey,Ice Hockey,"HIIRIKOSKI, Jenni",FIN,Women,Ice Hockey,Bronze
2010,Vancouver,Ice Hockey,Ice Hockey,"HOVI, Venla",FIN,Women,Ice Hockey,Bronze
2010,Vancouver,Ice Hockey,Ice Hockey,"KARVINEN, Michelle",FIN,Women,Ice Hockey,Bronze
2010,Vancouver,Ice Hockey,Ice Hockey,"KUISMA, Mira",FIN,Women,Ice Hockey,Bronze
2010,Vancouver,Ice Hockey,Ice Hockey,"LAAKSONEN, Emma",FIN,Women,Ice Hockey,Bronze
2010,Vancouver,Ice Hockey,Ice Hockey,"LINDSTEDT, Rosa",FIN,Women,Ice Hockey,Bronze
2010,Vancouver,Ice Hockey,Ice Hockey,"MERTANEN, Terhi",FIN,Women,Ice Hockey,Bronze
2010,Vancouver,Ice Hockey,Ice Hockey,"PELTTARI, Heidi",FIN,Women,Ice Hockey,Bronze
2010,Vancouver,Ice Hockey,Ice Hockey,"POSA, Mariia",FIN,Women,Ice Hockey,Bronze
2010,Vancouver,Ice Hockey,Ice Hockey,"RAJAHUHTA, Annina",FIN,Women,Ice Hockey,Bronze
2010,Vancouver,Ice Hockey,Ice Hockey,"RANTAMAKI, Karoliina",FIN,Women,Ice Hockey,Bronze
2010,Vancouver,Ice Hockey,Ice Hockey,"RATY, Noora",FIN,Women,Ice Hockey,Bronze
2010,Vancouver,Ice Hockey,Ice Hockey,"SAARINEN, Mari",FIN,Women,Ice Hockey,Bronze
2010,Vancouver,Ice Hockey,Ice Hockey,"SIRVIO, Saija",FIN,Women,Ice Hockey,Bronze
2010,Vancouver,Ice Hockey,Ice Hockey,"TIKKINEN, Nina",FIN,Women,Ice Hockey,Bronze
2010,Vancouver,Ice Hockey,Ice Hockey,"TUOMINEN, Minnamari",FIN,Women,Ice Hockey,Bronze
2010,Vancouver,Ice Hockey,Ice Hockey,"TUOMINEN, Saara",FIN,Women,Ice Hockey,Bronze
2010,Vancouver,Ice Hockey,Ice Hockey,"VALIMAKI, Linda",FIN,Women,Ice Hockey,Bronze
2010,Vancouver,Ice Hockey,Ice Hockey,"VANHATALO, Anna",FIN,Women,Ice Hockey,Bronze
2010,Vancouver,Ice Hockey,Ice Hockey,"VOUTILAINEN, Marjo",FIN,Women,Ice Hockey,Bronze
2010,Vancouver,Ice Hockey,Ice Hockey,"AGOSTA, Meghan",CAN,Women,Ice Hockey,Gold
2010,Vancouver,Ice Hockey,Ice Hockey,"APPS, Gillian",CAN,Women,Ice Hockey,Gold
2010,Vancouver,Ice Hockey,Ice Hockey,"BONHOMME, Tessa",CAN,Women,Ice Hockey,Gold
2010,Vancouver,Ice Hockey,Ice Hockey,"BOTTERILL, Jennifer",CAN,Women,Ice Hockey,Gold
2010,Vancouver,Ice Hockey,Ice Hockey,"HEFFORD, Jayna",CAN,Women,Ice Hockey,Gold
2010,Vancouver,Ice Hockey,Ice Hockey,"IRWIN, Haley",CAN,Women,Ice Hockey,Gold
2010,Vancouver,Ice Hockey,Ice Hockey,"JOHNSTON, Rebecca",CAN,Women,Ice Hockey,Gold
2010,Vancouver,Ice Hockey,Ice Hockey,"KELLAR, Becky",CAN,Women,Ice Hockey,Gold
2010,Vancouver,Ice Hockey,Ice Hockey,"KINGSBURY, Gina",CAN,Women,Ice Hockey,Gold
2010,Vancouver,Ice Hockey,Ice Hockey,"LABONTE, Charline",CAN,Women,Ice Hockey,Gold
2010,Vancouver,Ice Hockey,Ice Hockey,"MACLEOD, Carla",CAN,Women,Ice Hockey,Gold
2010,Vancouver,Ice Hockey,Ice Hockey,"MIKKELSON, Meaghan",CAN,Women,Ice Hockey,Gold
2010,Vancouver,Ice Hockey,Ice Hockey,"OUELLETTE, Caroline",CAN,Women,Ice Hockey,Gold
2010,Vancouver,Ice Hockey,Ice Hockey,"PIPER, Cherie",CAN,Women,Ice Hockey,Gold
2010,Vancouver,Ice Hockey,Ice Hockey,"POULIN, Marie-Philip",CAN,Women,Ice Hockey,Gold
2010,Vancouver,Ice Hockey,Ice Hockey,"SOSTORICS, Colleen",CAN,Women,Ice Hockey,Gold
2010,Vancouver,Ice Hockey,Ice Hockey,"ST-PIERRE, Kim",CAN,Women,Ice Hockey,Gold
2010,Vancouver,Ice Hockey,Ice Hockey,"SZABADOS, Shannon",CAN,Women,Ice Hockey,Gold
2010,Vancouver,Ice Hockey,Ice Hockey,"VAILLANCOURT, Sarah",CAN,Women,Ice Hockey,Gold
2010,Vancouver,Ice Hockey,Ice Hockey,"WARD, Catherine",CAN,Women,Ice Hockey,Gold
2010,Vancouver,Ice Hockey,Ice Hockey,"WICKENHEISER, Hayley",CAN,Women,Ice Hockey,Gold
2010,Vancouver,Ice Hockey,Ice Hockey,"BELLAMY, Kacey",USA,Women,Ice Hockey,Silver
2010,Vancouver,Ice Hockey,Ice Hockey,"CAHOW, Caitlin",USA,Women,Ice Hockey,Silver
2010,Vancouver,Ice Hockey,Ice Hockey,"CHESSON, Lisa",USA,Women,Ice Hockey,Silver
2010,Vancouver,Ice Hockey,Ice Hockey,"CHU, Julie",USA,Women,Ice Hockey,Silver
2010,Vancouver,Ice Hockey,Ice Hockey,"DARWITZ, Natalie",USA,Women,Ice Hockey,Silver
2010,Vancouver,Ice Hockey,Ice Hockey,"DUGGAN, Meghan",USA,Women,Ice Hockey,Silver
2010,Vancouver,Ice Hockey,Ice Hockey,"ENGSTROM, Molly",USA,Women,Ice Hockey,Silver
2010,Vancouver,Ice Hockey,Ice Hockey,"KNIGHT, Hilary",USA,Women,Ice Hockey,Silver
2010,Vancouver,Ice Hockey,Ice Hockey,"LAMOUREUX, Jocelyne",USA,Women,Ice Hockey,Silver
2010,Vancouver,Ice Hockey,Ice Hockey,"LAMOUREUX, Monique",USA,Women,Ice Hockey,Silver
2010,Vancouver,Ice Hockey,Ice Hockey,"LAWLER, Erika",USA,Women,Ice Hockey,Silver
2010,Vancouver,Ice Hockey,Ice Hockey,"MARVIN, Gigi",USA,Women,Ice Hockey,Silver
2010,Vancouver,Ice Hockey,Ice Hockey,"McLAUGHLIN, Brianne",USA,Women,Ice Hockey,Silver
2010,Vancouver,Ice Hockey,Ice Hockey,"POTTER, Jenny",USA,Women,Ice Hockey,Silver
2010,Vancouver,Ice Hockey,Ice Hockey,"RUGGIERO, Angela",USA,Women,Ice Hockey,Silver
2010,Vancouver,Ice Hockey,Ice Hockey,"SCHAUS, Molly",USA,Women,Ice Hockey,Silver
2010,Vancouver,Ice Hockey,Ice Hockey,"STACK, Kelli",USA,Women,Ice Hockey,Silver
2010,Vancouver,Ice Hockey,Ice Hockey,"THATCHER, Karen",USA,Women,Ice Hockey,Silver
2010,Vancouver,Ice Hockey,Ice Hockey,"VETTER, Jessie",USA,Women,Ice Hockey,Silver
2010,Vancouver,Ice Hockey,Ice Hockey,"WEILAND, Kerry",USA,Women,Ice Hockey,Silver
2010,Vancouver,Ice Hockey,Ice Hockey,"ZAUGG-SIERGIEJ, Jinelle",USA,Women,Ice Hockey,Silver
2010,Vancouver,Luge,Luge,"LEITNER, Patric",GER,Men,Doubles,Bronze
2010,Vancouver,Luge,Luge,"RESCH, Alexander",GER,Men,Doubles,Bronze
2010,Vancouver,Luge,Luge,"LINGER, Andreas",AUT,Men,Doubles,Gold
2010,Vancouver,Luge,Luge,"LINGER, Wolfgang",AUT,Men,Doubles,Gold
2010,Vancouver,Luge,Luge,"SICS, Andris",LAT,Men,Doubles,Silver
2010,Vancouver,Luge,Luge,"SICS, Juris",LAT,Men,Doubles,Silver
2010,Vancouver,Luge,Luge,"ZOEGGELER, Armin",ITA,Men,Singles,Bronze
2010,Vancouver,Luge,Luge,"LOCH, Felix",GER,Men,Singles,Gold
2010,Vancouver,Luge,Luge,"MOELLER, David",GER,Men,Singles,Silver
2010,Vancouver,Luge,Luge,"GEISENBERGER, Natalie",GER,Women,Singles,Bronze
2010,Vancouver,Luge,Luge,"HUEFNER, Tatjana",GER,Women,Singles,Gold
2010,Vancouver,Luge,Luge,"REITHMAYER, Nina",AUT,Women,Singles,Silver
2010,Vancouver,Skating,Figure skating,"DOMNINA, Oksana",RUS,Women,Ice Dancing,Bronze
2010,Vancouver,Skating,Figure skating,"SHABALIN, Maxim",RUS,Men,Ice Dancing,Bronze
2010,Vancouver,Skating,Figure skating,"MOIR, Scott",CAN,Men,Ice Dancing,Gold
2010,Vancouver,Skating,Figure skating,"VIRTUE, Tessa",CAN,Women,Ice Dancing,Gold
2010,Vancouver,Skating,Figure skating,"DAVIS, Meryl",USA,Women,Ice Dancing,Silver
2010,Vancouver,Skating,Figure skating,"WHITE, Charlie",USA,Men,Ice Dancing,Silver
2010,Vancouver,Skating,Figure skating,"TAKAHASHI, Daisuke",JPN,Men,Individual,Bronze
2010,Vancouver,Skating,Figure skating,"LYSACEK, Evan",USA,Men,Individual,Gold
2010,Vancouver,Skating,Figure skating,"PLYUSHCHENKO, Evgeny",RUS,Men,Individual,Silver
2010,Vancouver,Skating,Figure skating,"ROCHETTE, Joannie",CAN,Women,Individual,Bronze
2010,Vancouver,Skating,Figure skating,"KIM, Yuna",KOR,Women,Individual,Gold
2010,Vancouver,Skating,Figure skating,"ASADA, Mao",JPN,Women,Individual,Silver
2010,Vancouver,Skating,Figure skating,"SAVCHENKO, Aliona",GER,Women,Pairs,Bronze
2010,Vancouver,Skating,Figure skating,"SZOLKOWY, Robin",GER,Men,Pairs,Bronze
2010,Vancouver,Skating,Figure skating,"SHEN, Xue",CHN,Women,Pairs,Gold
2010,Vancouver,Skating,Figure skating,"ZHAO, Hongbo",CHN,Men,Pairs,Gold
2010,Vancouver,Skating,Figure skating,"PANG, Qing",CHN,Women,Pairs,Silver
2010,Vancouver,Skating,Figure skating,"TONG, Jian",CHN,Men,Pairs,Silver
2010,Vancouver,Skating,Short Track Speed Skating,"OHNO, Apolo Anton",USA,Men,1000M,Bronze
2010,Vancouver,Skating,Short Track Speed Skating,"LEE, Jung-Su",KOR,Men,1000M,Gold
2010,Vancouver,Skating,Short Track Speed Skating,"LEE, Ho-Suk",KOR,Men,1000M,Silver
2010,Vancouver,Skating,Short Track Speed Skating,"PARK, Seung-Hi",KOR,Women,1000M,Bronze
2010,Vancouver,Skating,Short Track Speed Skating,"WANG, Meng",CHN,Women,1000M,Gold
2010,Vancouver,Skating,Short Track Speed Skating,"REUTTER, Katherine",USA,Women,1000M,Silver
2010,Vancouver,Skating,Short Track Speed Skating,"CELSKI, J.R.",USA,Men,1500M,Bronze
2010,Vancouver,Skating,Short Track Speed Skating,"LEE, Jung-Su",KOR,Men,1500M,Gold
2010,Vancouver,Skating,Short Track Speed Skating,"OHNO, Apolo Anton",USA,Men,1500M,Silver
2010,Vancouver,Skating,Short Track Speed Skating,"PARK, Seung-Hi",KOR,Women,1500M,Bronze
2010,Vancouver,Skating,Short Track Speed Skating,"ZHOU, Yang",CHN,Women,1500M,Gold
2010,Vancouver,Skating,Short Track Speed Skating,"LEE, Eun-Byul",KOR,Women,1500M,Silver
2010,Vancouver,Skating,Short Track Speed Skating,"BAVER, Allison",USA,Women,3000M Relay,Bronze
2010,Vancouver,Skating,Short Track Speed Skating,"DERRICK, Kimberly",USA,Women,3000M Relay,Bronze
2010,Vancouver,Skating,Short Track Speed Skating,"DUDEK, Alyson",USA,Women,3000M Relay,Bronze
2010,Vancouver,Skating,Short Track Speed Skating,"GEHRING, Lana",USA,Women,3000M Relay,Bronze
2010,Vancouver,Skating,Short Track Speed Skating,"REUTTER, Katherine",USA,Women,3000M Relay,Bronze
2010,Vancouver,Skating,Short Track Speed Skating,"SUN, Linlin",CHN,Women,3000M Relay,Gold
2010,Vancouver,Skating,Short Track Speed Skating,"WANG, Meng",CHN,Women,3000M Relay,Gold
2010,Vancouver,Skating,Short Track Speed Skating,"ZHANG, Hui",CHN,Women,3000M Relay,Gold
2010,Vancouver,Skating,Short Track Speed Skating,"ZHOU, Yang",CHN,Women,3000M Relay,Gold
2010,Vancouver,Skating,Short Track Speed Skating,"GREGG, Jessica",CAN,Women,3000M Relay,Silver
2010,Vancouver,Skating,Short Track Speed Skating,"ROBERGE, Kalyna",CAN,Women,3000M Relay,Silver
2010,Vancouver,Skating,Short Track Speed Skating,"ST-GELAIS, Marianne",CAN,Women,3000M Relay,Silver
2010,Vancouver,Skating,Short Track Speed Skating,"VICENT, Tania",CAN,Women,3000M Relay,Silver
2010,Vancouver,Skating,Short Track Speed Skating,"CELSKI, J.R.",USA,Men,5000M Relay,Bronze
2010,Vancouver,Skating,Short Track Speed Skating,"CHO, Simon",USA,Men,5000M Relay,Bronze
2010,Vancouver,Skating,Short Track Speed Skating,"JAYNER, Travis",USA,Men,5000M Relay,Bronze
2010,Vancouver,Skating,Short Track Speed Skating,"MALONE, Jordan",USA,Men,5000M Relay,Bronze
2010,Vancouver,Skating,Short Track Speed Skating,"OHNO, Apolo Anton",USA,Men,5000M Relay,Bronze
2010,Vancouver,Skating,Short Track Speed Skating,"BASTILLE, Guillaume",CAN,Men,5000M Relay,Gold
2010,Vancouver,Skating,Short Track Speed Skating,"HAMELIN, Charles",CAN,Men,5000M Relay,Gold
2010,Vancouver,Skating,Short Track Speed Skating,"HAMELIN, Francois",CAN,Men,5000M Relay,Gold
2010,Vancouver,Skating,Short Track Speed Skating,"JEAN, Olivier",CAN,Men,5000M Relay,Gold
2010,Vancouver,Skating,Short Track Speed Skating,"TREMBLAY, Francois-Louis",CAN,Men,5000M Relay,Gold
2010,Vancouver,Skating,Short Track Speed Skating,"KIM, Seoung-Il",KOR,Men,5000M Relay,Silver
2010,Vancouver,Skating,Short Track Speed Skating,"KWAK, Yoon-Gy",KOR,Men,5000M Relay,Silver
2010,Vancouver,Skating,Short Track Speed Skating,"LEE, Ho-Suk",KOR,Men,5000M Relay,Silver
2010,Vancouver,Skating,Short Track Speed Skating,"LEE, Jung-Su",KOR,Men,5000M Relay,Silver
2010,Vancouver,Skating,Short Track Speed Skating,"SUNG, Si-Bak",KOR,Men,5000M Relay,Silver
2010,Vancouver,Skating,Short Track Speed Skating,"TREMBLAY, Francois-Louis",CAN,Men,500M,Bronze
2010,Vancouver,Skating,Short Track Speed Skating,"HAMELIN, Charles",CAN,Men,500M,Gold
2010,Vancouver,Skating,Short Track Speed Skating,"SUNG, Si-Bak",KOR,Men,500M,Silver
2010,Vancouver,Skating,Short Track Speed Skating,"FONTANA, Arianna",ITA,Women,500M,Bronze
2010,Vancouver,Skating,Short Track Speed Skating,"WANG, Meng",CHN,Women,500M,Gold
2010,Vancouver,Skating,Short Track Speed Skating,"ST-GELAIS, Marianne",CAN,Women,500M,Silver
2010,Vancouver,Skating,Speed skating,"de JONG, Bob",NED,Men,10000M,Bronze
2010,Vancouver,Skating,Speed skating,"LEE, Seung-Hoon",KOR,Men,10000M,Gold
2010,Vancouver,Skating,Speed skating,"SKOBREV, Ivan",RUS,Men,10000M,Silver
2010,Vancouver,Skating,Speed skating,"HEDRICK, Chad",USA,Men,1000M,Bronze
2010,Vancouver,Skating,Speed skating,"DAVIS, Shani",USA,Men,1000M,Gold
2010,Vancouver,Skating,Speed skating,"MO, Tae-Bum",KOR,Men,1000M,Silver
2010,Vancouver,Skating,Speed skating,"van RIESSEN, Laurine",NED,Women,1000M,Bronze
2010,Vancouver,Skating,Speed skating,"NESBITT, Christine",CAN,Women,1000M,Gold
2010,Vancouver,Skating,Speed skating,"GERRITSEN, Annette",NED,Women,1000M,Silver
2010,Vancouver,Skating,Speed skating,"BOKKO, Havard",NOR,Men,1500M,Bronze
2010,Vancouver,Skating,Speed skating,"TUITERT, Mark",NED,Men,1500M,Gold
2010,Vancouver,Skating,Speed skating,"DAVIS, Shani",USA,Men,1500M,Silver
2010,Vancouver,Skating,Speed skating,"SABLIKOVA, Martina",CZE,Women,1500M,Bronze
2010,Vancouver,Skating,Speed skating,"WUST, Ireen",NED,Women,1500M,Gold
2010,Vancouver,Skating,Speed skating,"GROVES, Kristina",CAN,Women,1500M,Silver
2010,Vancouver,Skating,Speed skating,"GROVES, Kristina",CAN,Women,3000M,Bronze
2010,Vancouver,Skating,Speed skating,"SABLIKOVA, Martina",CZE,Women,3000M,Gold
2010,Vancouver,Skating,Speed skating,"BECKERT, Stephanie",GER,Women,3000M,Silver
2010,Vancouver,Skating,Speed skating,"SKOBREV, Ivan",RUS,Men,5000M,Bronze
2010,Vancouver,Skating,Speed skating,"KRAMER, Sven",NED,Men,5000M,Gold
2010,Vancouver,Skating,Speed skating,"LEE, Seung-Hoon",KOR,Men,5000M,Silver
2010,Vancouver,Skating,Speed skating,"HUGHES, Clara",CAN,Women,5000M,Bronze
2010,Vancouver,Skating,Speed skating,"SABLIKOVA, Martina",CZE,Women,5000M,Gold
2010,Vancouver,Skating,Speed skating,"BECKERT, Stephanie",GER,Women,5000M,Silver
2010,Vancouver,Skating,Speed skating,"KATO, Joji",JPN,Men,500M,Bronze
2010,Vancouver,Skating,Speed skating,"MO, Tae-Bum",KOR,Men,500M,Gold
2010,Vancouver,Skating,Speed skating,"NAGASHIMA, Keiichiro",JPN,Men,500M,Silver
2010,Vancouver,Skating,Speed skating,"WANG, Beixing",CHN,Women,500M,Bronze
2010,Vancouver,Skating,Speed skating,"LEE, Sang-Hwa",KOR,Women,500M,Gold
2010,Vancouver,Skating,Speed skating,"WOLF, Jenny",GER,Women,500M,Silver
2010,Vancouver,Skating,Speed skating,"BLOKHUIJSEN, Jan",NED,Men,Team Pursuit,Bronze
2010,Vancouver,Skating,Speed skating,"KRAMER, Sven",NED,Men,Team Pursuit,Bronze
2010,Vancouver,Skating,Speed skating,"KUIPERS, Simon",NED,Men,Team Pursuit,Bronze
2010,Vancouver,Skating,Speed skating,"TUITERT, Mark",NED,Men,Team Pursuit,Bronze
2010,Vancouver,Skating,Speed skating,"GIROUX, Mathieu",CAN,Men,Team Pursuit,Gold
2010,Vancouver,Skating,Speed skating,"MAKOWSKY, Lucas",CAN,Men,Team Pursuit,Gold
2010,Vancouver,Skating,Speed skating,"MORRISON, Denny",CAN,Men,Team Pursuit,Gold
2010,Vancouver,Skating,Speed skating,"HANSEN, Brian",USA,Men,Team Pursuit,Silver
2010,Vancouver,Skating,Speed skating,"HEDRICK, Chad",USA,Men,Team Pursuit,Silver
2010,Vancouver,Skating,Speed skating,"KUCK, Jonathan",USA,Men,Team Pursuit,Silver
2010,Vancouver,Skating,Speed skating,"MARSICANO, Trevor",USA,Men,Team Pursuit,Silver
2010,Vancouver,Skating,Speed skating,"BACHLEDA-CURUS, Katarzyna",POL,Women,Team Pursuit,Bronze
2010,Vancouver,Skating,Speed skating,"WOZNIAK, Katarzyna",POL,Women,Team Pursuit,Bronze
2010,Vancouver,Skating,Speed skating,"ZLOTKOWSKA, Luiza",POL,Women,Team Pursuit,Bronze
2010,Vancouver,Skating,Speed skating,"ANSCHUTZ THOMS, Daniela",GER,Women,Team Pursuit,Gold
2010,Vancouver,Skating,Speed skating,"BECKERT, Stephanie",GER,Women,Team Pursuit,Gold
2010,Vancouver,Skating,Speed skating,"FRIESINGER-POSTMA, Anna",GER,Women,Team Pursuit,Gold
2010,Vancouver,Skating,Speed skating,"MATTSCHERODT, Katrin",GER,Women,Team Pursuit,Gold
2010,Vancouver,Skating,Speed skating,"HOZUMI, Masako",JPN,Women,Team Pursuit,Silver
2010,Vancouver,Skating,Speed skating,"KODAIRA, Nao",JPN,Women,Team Pursuit,Silver
2010,Vancouver,Skating,Speed skating,"TABATA, Maki",JPN,Women,Team Pursuit,Silver
2010,Vancouver,Skiing,Alpine Skiing,"MILLER, Bode",USA,Men,Downhill,Bronze
2010,Vancouver,Skiing,Alpine Skiing,"DEFAGO, Didier",SUI,Men,Downhill,Gold
2010,Vancouver,Skiing,Alpine Skiing,"SVINDAL, Aksel Lund",NOR,Men,Downhill,Silver
2010,Vancouver,Skiing,Alpine Skiing,"GOERGL, Elisabeth",AUT,Women,Downhill,Bronze
2010,Vancouver,Skiing,Alpine Skiing,"VONN, Lindsey",USA,Women,Downhill,Gold
2010,Vancouver,Skiing,Alpine Skiing,"MANCUSO, Julia",USA,Women,Downhill,Silver
2010,Vancouver,Skiing,Alpine Skiing,"SVINDAL, Aksel Lund",NOR,Men,Giant Slalom,Bronze
2010,Vancouver,Skiing,Alpine Skiing,"JANKA, Carlo",SUI,Men,Giant Slalom,Gold
2010,Vancouver,Skiing,Alpine Skiing,"JANSRUD, Kjetil",NOR,Men,Giant Slalom,Silver
2010,Vancouver,Skiing,Alpine Skiing,"GOERGL, Elisabeth",AUT,Women,Giant Slalom,Bronze
2010,Vancouver,Skiing,Alpine Skiing,"REBENSBURG, Viktoria",GER,Women,Giant Slalom,Gold
2010,Vancouver,Skiing,Alpine Skiing,"MAZE, Tina",SLO,Women,Giant Slalom,Silver
2010,Vancouver,Skiing,Alpine Skiing,"MYHRER, Andre",SWE,Men,Slalom,Bronze
2010,Vancouver,Skiing,Alpine Skiing,"RAZZOLI, Giuliano",ITA,Men,Slalom,Gold
2010,Vancouver,Skiing,Alpine Skiing,"KOSTELIC, Ivica",CRO,Men,Slalom,Silver
2010,Vancouver,Skiing,Alpine Skiing,"ZAHROBSKA, Sarka",CZE,Women,Slalom,Bronze
2010,Vancouver,Skiing,Alpine Skiing,"RIESCH, Maria",GER,Women,Slalom,Gold
2010,Vancouver,Skiing,Alpine Skiing,"SCHILD, Marlies",AUT,Women,Slalom,Silver
2010,Vancouver,Skiing,Alpine Skiing,"ZURBRIGGEN, Silvan",SUI,Men,Super Combined,Bronze
2010,Vancouver,Skiing,Alpine Skiing,"MILLER, Bode",USA,Men,Super Combined,Gold
2010,Vancouver,Skiing,Alpine Skiing,"KOSTELIC, Ivica",CRO,Men,Super Combined,Silver
2010,Vancouver,Skiing,Alpine Skiing,"PAERSON, Anja",SWE,Women,Super Combined,Bronze
2010,Vancouver,Skiing,Alpine Skiing,"RIESCH, Maria",GER,Women,Super Combined,Gold
2010,Vancouver,Skiing,Alpine Skiing,"MANCUSO, Julia",USA,Women,Super Combined,Silver
2010,Vancouver,Skiing,Alpine Skiing,"WEIBRECHT, Andrew",USA,Men,Super-G,Bronze
2010,Vancouver,Skiing,Alpine Skiing,"SVINDAL, Aksel Lund",NOR,Men,Super-G,Gold
2010,Vancouver,Skiing,Alpine Skiing,"MILLER, Bode",USA,Men,Super-G,Silver
2010,Vancouver,Skiing,Alpine Skiing,"VONN, Lindsey",USA,Women,Super-G,Bronze
2010,Vancouver,Skiing,Alpine Skiing,"FISCHBACHER, Andrea",AUT,Women,Super-G,Gold
2010,Vancouver,Skiing,Alpine Skiing,"MAZE, Tina",SLO,Women,Super-G,Silver
2010,Vancouver,Skiing,Cross Country Skiing,"BJOERGEN, Marit",NOR,Women,10KM,Bronze
2010,Vancouver,Skiing,Cross Country Skiing,"KALLA, Charlotte",SWE,Women,10KM,Gold
2010,Vancouver,Skiing,Cross Country Skiing,"SMIGUN-VAEHI, Kristina",EST,Women,10KM,Silver
2010,Vancouver,Skiing,Cross Country Skiing,"BAUER, Lukas",CZE,Men,15KM,Bronze
2010,Vancouver,Skiing,Cross Country Skiing,"COLOGNA, Dario",SUI,Men,15KM,Gold
2010,Vancouver,Skiing,Cross Country Skiing,"PILLER COTTRER, Pietro",ITA,Men,15KM,Silver
2010,Vancouver,Skiing,Cross Country Skiing,"SAARINEN, Aino-Kaisa",FIN,Women,30KM,Bronze
2010,Vancouver,Skiing,Cross Country Skiing,"KOWALCZYK, Justyna",POL,Women,30KM,Gold
2010,Vancouver,Skiing,Cross Country Skiing,"BJOERGEN, Marit",NOR,Women,30KM,Silver
2010,Vancouver,Skiing,Cross Country Skiing,"BAUER, Lukas",CZE,Men,4X10KM Relay,Bronze
2010,Vancouver,Skiing,Cross Country Skiing,"JAKS, Martin",CZE,Men,4X10KM Relay,Bronze
2010,Vancouver,Skiing,Cross Country Skiing,"KOUKAL, Martin",CZE,Men,4X10KM Relay,Bronze
2010,Vancouver,Skiing,Cross Country Skiing,"MAGAL, Jiri",CZE,Men,4X10KM Relay,Bronze
2010,Vancouver,Skiing,Cross Country Skiing,"HELLNER, Marcus",SWE,Men,4X10KM Relay,Gold
2010,Vancouver,Skiing,Cross Country Skiing,"OLSSON, Johan",SWE,Men,4X10KM Relay,Gold
2010,Vancouver,Skiing,Cross Country Skiing,"RICHARDSSON, Daniel",SWE,Men,4X10KM Relay,Gold
2010,Vancouver,Skiing,Cross Country Skiing,"SOEDERGREN, Anders",SWE,Men,4X10KM Relay,Gold
2010,Vancouver,Skiing,Cross Country Skiing,"BERGER, Lars",NOR,Men,4X10KM Relay,Silver
2010,Vancouver,Skiing,Cross Country Skiing,"HJELMESET, Odd-Bjoern",NOR,Men,4X10KM Relay,Silver
2010,Vancouver,Skiing,Cross Country Skiing,"JOHNSRUD SUNDBY, Martin",NOR,Men,4X10KM Relay,Silver
2010,Vancouver,Skiing,Cross Country Skiing,"NORTHUG, Petter",NOR,Men,4X10KM Relay,Silver
2010,Vancouver,Skiing,Cross Country Skiing,"KUITUNEN, Virpi",FIN,Women,4X5KM Relay,Bronze
2010,Vancouver,Skiing,Cross Country Skiing,"MURANEN, Pirjo",FIN,Women,4X5KM Relay,Bronze
2010,Vancouver,Skiing,Cross Country Skiing,"ROPONEN, Riitta-Liisa",FIN,Women,4X5KM Relay,Bronze
2010,Vancouver,Skiing,Cross Country Skiing,"SAARINEN, Aino-Kaisa",FIN,Women,4X5KM Relay,Bronze
2010,Vancouver,Skiing,Cross Country Skiing,"BJOERGEN, Marit",NOR,Women,4X5KM Relay,Gold
2010,Vancouver,Skiing,Cross Country Skiing,"JOHAUG, Therese",NOR,Women,4X5KM Relay,Gold
2010,Vancouver,Skiing,Cross Country Skiing,"SKOFTERUD, Vibeke W",NOR,Women,4X5KM Relay,Gold
2010,Vancouver,Skiing,Cross Country Skiing,"STEIRA, Kristin Stoermer",NOR,Women,4X5KM Relay,Gold
2010,Vancouver,Skiing,Cross Country Skiing,"GOSSNER, Miriam",GER,Women,4X5KM Relay,Silver
2010,Vancouver,Skiing,Cross Country Skiing,"NYSTAD, Claudia",GER,Women,4X5KM Relay,Silver
2010,Vancouver,Skiing,Cross Country Skiing,"SACHENBACHER-STEHLE, Evi",GER,Women,4X5KM Relay,Silver
2010,Vancouver,Skiing,Cross Country Skiing,"ZELLER, Katrin",GER,Women,4X5KM Relay,Silver
2010,Vancouver,Skiing,Cross Country Skiing,"OLSSON, Johan",SWE,Men,50KM,Bronze
2010,Vancouver,Skiing,Cross Country Skiing,"NORTHUG, Petter",NOR,Men,50KM,Gold
2010,Vancouver,Skiing,Cross Country Skiing,"TEICHMANN, Axel",GER,Men,50KM,Silver
2010,Vancouver,Skiing,Cross Country Skiing,"OLSSON, Johan",SWE,Men,Combined 15 + 15KM Mass Start,Bronze
2010,Vancouver,Skiing,Cross Country Skiing,"HELLNER, Marcus",SWE,Men,Combined 15 + 15KM Mass Start,Gold
2010,Vancouver,Skiing,Cross Country Skiing,"ANGERER, Tobias",GER,Men,Combined 15 + 15KM Mass Start,Silver
2010,Vancouver,Skiing,Cross Country Skiing,"KOWALCZYK, Justyna",POL,Women,Combined 7.5 + 7.5Km Mass Start,Bronze
2010,Vancouver,Skiing,Cross Country Skiing,"BJOERGEN, Marit",NOR,Women,Combined 7.5 + 7.5Km Mass Start,Gold
2010,Vancouver,Skiing,Cross Country Skiing,"HAAG, Anna",SWE,Women,Combined 7.5 + 7.5Km Mass Start,Silver
2010,Vancouver,Skiing,Cross Country Skiing,"NORTHUG, Petter",NOR,Men,Sprint 1.5KM,Bronze
2010,Vancouver,Skiing,Cross Country Skiing,"KRIUKOV, Nikita",RUS,Men,Sprint 1.5KM,Gold
2010,Vancouver,Skiing,Cross Country Skiing,"PANZHINSKIY, Alexander",RUS,Men,Sprint 1.5KM,Silver
2010,Vancouver,Skiing,Cross Country Skiing,"MAJDIC, Petra",SLO,Women,Sprint 1.5KM,Bronze
2010,Vancouver,Skiing,Cross Country Skiing,"BJOERGEN, Marit",NOR,Women,Sprint 1.5KM,Gold
2010,Vancouver,Skiing,Cross Country Skiing,"KOWALCZYK, Justyna",POL,Women,Sprint 1.5KM,Silver
2010,Vancouver,Skiing,Cross Country Skiing,"MORILOV, Nikolay",RUS,Men,Team Sprint,Bronze
2010,Vancouver,Skiing,Cross Country Skiing,"PETUKHOV, Alexey",RUS,Men,Team Sprint,Bronze
2010,Vancouver,Skiing,Cross Country Skiing,"NORTHUG, Petter",NOR,Men,Team Sprint,Gold
2010,Vancouver,Skiing,Cross Country Skiing,"PETTERSEN, Oeystein",NOR,Men,Team Sprint,Gold
2010,Vancouver,Skiing,Cross Country Skiing,"TEICHMANN, Axel",GER,Men,Team Sprint,Silver
2010,Vancouver,Skiing,Cross Country Skiing,"TSCHARNKE, Tim",GER,Men,Team Sprint,Silver
2010,Vancouver,Skiing,Cross Country Skiing,"KHAZOVA, Irina",RUS,Women,Team Sprint,Bronze
2010,Vancouver,Skiing,Cross Country Skiing,"KOROSTELEVA, Natalia",RUS,Women,Team Sprint,Bronze
2010,Vancouver,Skiing,Cross Country Skiing,"NYSTAD, Claudia",GER,Women,Team Sprint,Gold
2010,Vancouver,Skiing,Cross Country Skiing,"SACHENBACHER-STEHLE, Evi",GER,Women,Team Sprint,Gold
2010,Vancouver,Skiing,Cross Country Skiing,"HAAG, Anna",SWE,Women,Team Sprint,Silver
2010,Vancouver,Skiing,Cross Country Skiing,"KALLA, Charlotte",SWE,Women,Team Sprint,Silver
2010,Vancouver,Skiing,Freestyle Skiing,"LIU, Zhongqing",CHN,Men,Aerials,Bronze
2010,Vancouver,Skiing,Freestyle Skiing,"GRISHIN, Alexei",BLR,Men,Aerials,Gold
2010,Vancouver,Skiing,Freestyle Skiing,"PETERSON, Jeret",USA,Men,Aerials,Silver
2010,Vancouver,Skiing,Freestyle Skiing,"GUO, Xinxin",CHN,Women,Aerials,Bronze
2010,Vancouver,Skiing,Freestyle Skiing,"LASSILA, Lydia",AUS,Women,Aerials,Gold
2010,Vancouver,Skiing,Freestyle Skiing,"LI, Nina",CHN,Women,Aerials,Silver
2010,Vancouver,Skiing,Freestyle Skiing,"WILSON, Bryon",USA,Men,Moguls,Bronze
2010,Vancouver,Skiing,Freestyle Skiing,"BILODEAU, Alexandre",CAN,Men,Moguls,Gold
2010,Vancouver,Skiing,Freestyle Skiing,"BEGG-SMITH, Dale",AUS,Men,Moguls,Silver
2010,Vancouver,Skiing,Freestyle Skiing,"BAHRKE, Shannon",USA,Women,Moguls,Bronze
2010,Vancouver,Skiing,Freestyle Skiing,"KEARNEY, Hannah",USA,Women,Moguls,Gold
2010,Vancouver,Skiing,Freestyle Skiing,"HEIL, Jennifer",CAN,Women,Moguls,Silver
2010,Vancouver,Skiing,Freestyle Skiing,"GROENVOLD, Audun",NOR,Men,Ski Cross,Bronze
2010,Vancouver,Skiing,Freestyle Skiing,"SCHMID, Michael",SUI,Men,Ski Cross,Gold
2010,Vancouver,Skiing,Freestyle Skiing,"MATT, Andreas",AUT,Men,Ski Cross,Silver
2010,Vancouver,Skiing,Freestyle Skiing,"JOSSERAND, Marion",FRA,Women,Ski Cross,Bronze
2010,Vancouver,Skiing,Freestyle Skiing,"McIVOR, Ashleigh",CAN,Women,Ski Cross,Gold
2010,Vancouver,Skiing,Freestyle Skiing,"BERNTSEN, Hedda",NOR,Women,Ski Cross,Silver
2010,Vancouver,Skiing,Nordic Combined,"PITTIN, Alessandro",ITA,Men,"Individual, Ski Jumping K90 (70M)",Bronze
2010,Vancouver,Skiing,Nordic Combined,"LAMY CHAPPUIS, Jason",FRA,Men,"Individual, Ski Jumping K90 (70M)",Gold
2010,Vancouver,Skiing,Nordic Combined,"SPILLANE, Johnny",USA,Men,"Individual, Ski Jumping K90 (70M)",Silver
2010,Vancouver,Skiing,Nordic Combined,"GRUBER, Bernhard",AUT,Men,Sprint K120,Bronze
2010,Vancouver,Skiing,Nordic Combined,"DEMONG, Bill",USA,Men,Sprint K120,Gold
2010,Vancouver,Skiing,Nordic Combined,"SPILLANE, Johnny",USA,Men,Sprint K120,Silver
2010,Vancouver,Skiing,Nordic Combined,"EDELMANN, Tino",GER,Men,"Team, 4X5 KM",Bronze
2010,Vancouver,Skiing,Nordic Combined,"FRENZEL, Eric",GER,Men,"Team, 4X5 KM",Bronze
2010,Vancouver,Skiing,Nordic Combined,"KIRCHEISEN, Bjoern",GER,Men,"Team, 4X5 KM",Bronze
2010,Vancouver,Skiing,Nordic Combined,"RYDZEK, Johannes",GER,Men,"Team, 4X5 KM",Bronze
2010,Vancouver,Skiing,Nordic Combined,"GOTTWALD, Felix",AUT,Men,"Team, 4X5 KM",Gold
2010,Vancouver,Skiing,Nordic Combined,"GRUBER, Bernhard",AUT,Men,"Team, 4X5 KM",Gold
2010,Vancouver,Skiing,Nordic Combined,"KREINER, David",AUT,Men,"Team, 4X5 KM",Gold
2010,Vancouver,Skiing,Nordic Combined,"STECHER, Mario",AUT,Men,"Team, 4X5 KM",Gold
2010,Vancouver,Skiing,Nordic Combined,"CAMEROTA, Brett",USA,Men,"Team, 4X5 KM",Silver
2010,Vancouver,Skiing,Nordic Combined,"DEMONG, Bill",USA,Men,"Team, 4X5 KM",Silver
2010,Vancouver,Skiing,Nordic Combined,"LODWICK, Todd",USA,Men,"Team, 4X5 KM",Silver
2010,Vancouver,Skiing,Nordic Combined,"SPILLANE, Johnny",USA,Men,"Team, 4X5 KM",Silver
2010,Vancouver,Skiing,Ski Jumping,"SCHLIERENZAUER, Gregor",AUT,Men,K120 Individual (90M),Bronze
2010,Vancouver,Skiing,Ski Jumping,"AMMANN, Simon",SUI,Men,K120 Individual (90M),Gold
2010,Vancouver,Skiing,Ski Jumping,"MALYSZ, Adam",POL,Men,K120 Individual (90M),Silver
2010,Vancouver,Skiing,Ski Jumping,"BARDAL, Anders",NOR,Men,K120 Team (90M),Bronze
2010,Vancouver,Skiing,Ski Jumping,"EVENSEN, Johan Remen",NOR,Men,K120 Team (90M),Bronze
2010,Vancouver,Skiing,Ski Jumping,"HILDE, Tom",NOR,Men,K120 Team (90M),Bronze
2010,Vancouver,Skiing,Ski Jumping,"JACOBSEN, Anders",NOR,Men,K120 Team (90M),Bronze
2010,Vancouver,Skiing,Ski Jumping,"KOFLER, Andreas",AUT,Men,K120 Team (90M),Gold
2010,Vancouver,Skiing,Ski Jumping,"LOITZL, Wolfgang",AUT,Men,K120 Team (90M),Gold
2010,Vancouver,Skiing,Ski Jumping,"MORGENSTERN, Thomas",AUT,Men,K120 Team (90M),Gold
2010,Vancouver,Skiing,Ski Jumping,"SCHLIERENZAUER, Gregor",AUT,Men,K120 Team (90M),Gold
2010,Vancouver,Skiing,Ski Jumping,"NEUMAYER, Michael",GER,Men,K120 Team (90M),Silver
2010,Vancouver,Skiing,Ski Jumping,"SCHMITT, Martin",GER,Men,K120 Team (90M),Silver
2010,Vancouver,Skiing,Ski Jumping,"UHRMANN, Michael",GER,Men,K120 Team (90M),Silver
2010,Vancouver,Skiing,Ski Jumping,"WANK, Andreas",GER,Men,K120 Team (90M),Silver
2010,Vancouver,Skiing,Ski Jumping,"SCHLIERENZAUER, Gregor",AUT,Men,K90 Individual (70M),Bronze
2010,Vancouver,Skiing,Ski Jumping,"AMMANN, Simon",SUI,Men,K90 Individual (70M),Gold
2010,Vancouver,Skiing,Ski Jumping,"MALYSZ, Adam",POL,Men,K90 Individual (70M),Silver
2010,Vancouver,Skiing,Snowboard,"BOZZETTO, Mathieu",FRA,Men,Giant Parallel Slalom,Bronze
2010,Vancouver,Skiing,Snowboard,"ANDERSON, Jasey Jay",CAN,Men,Giant Parallel Slalom,Gold
2010,Vancouver,Skiing,Snowboard,"KARL, Benjamin",AUT,Men,Giant Parallel Slalom,Silver
2010,Vancouver,Skiing,Snowboard,"KREINER, Marion",AUT,Women,Giant Parallel Slalom,Bronze
2010,Vancouver,Skiing,Snowboard,"SAUERBREIJ, Nicolien",NED,Women,Giant Parallel Slalom,Gold
2010,Vancouver,Skiing,Snowboard,"ILYUKHINA, Ekaterina",RUS,Women,Giant Parallel Slalom,Silver
2010,Vancouver,Skiing,Snowboard,"LAGO, Scott",USA,Men,Half-Pipe,Bronze
2010,Vancouver,Skiing,Snowboard,"WHITE, Shaun",USA,Men,Half-Pipe,Gold
2010,Vancouver,Skiing,Snowboard,"PIIROINEN, Peetu",FIN,Men,Half-Pipe,Silver
2010,Vancouver,Skiing,Snowboard,"CLARK, Kelly",USA,Women,Half-Pipe,Bronze
2010,Vancouver,Skiing,Snowboard,"BRIGHT, Torah",AUS,Women,Half-Pipe,Gold
2010,Vancouver,Skiing,Snowboard,"TETER, Hannah",USA,Women,Half-Pipe,Silver
2010,Vancouver,Skiing,Snowboard,"RAMOIN, Tony",FRA,Men,Snowboard Cross,Bronze
2010,Vancouver,Skiing,Snowboard,"WESCOTT, Seth",USA,Men,Snowboard Cross,Gold
2010,Vancouver,Skiing,Snowboard,"ROBERTSON, Mike",CAN,Men,Snowboard Cross,Silver
2010,Vancouver,Skiing,Snowboard,"NOBS, Olivia",SUI,Women,Snowboard Cross,Bronze
2010,Vancouver,Skiing,Snowboard,"RICKER, Maelle",CAN,Women,Snowboard Cross,Gold
2010,Vancouver,Skiing,Snowboard,"ANTHONIOZ, Deborah",FRA,Women,Snowboard Cross,Silver
2014,Sochi,Biathlon,Biathlon,"LANDERTINGER, Dominik",AUT,Men,10KM,Silver
2014,Sochi,Biathlon,Biathlon,"SOUKUP, Jaroslav",CZE,Men,10KM,Bronze
2014,Sochi,Biathlon,Biathlon,"BJOERNDALEN, Ole Einar",NOR,Men,10KM,Gold
2014,Sochi,Biathlon,Biathlon,"MORAVEC, Ondrej",CZE,Men,12.5Km Pursuit,Silver
2014,Sochi,Biathlon,Biathlon,"BEATRIX, Jean Guillaume",FRA,Men,12.5Km Pursuit,Bronze
2014,Sochi,Biathlon,Biathlon,"FOURCADE, Martin",FRA,Men,12.5Km Pursuit,Gold
2014,Sochi,Biathlon,Biathlon,"MORAVEC, Ondrej",CZE,Men,15KM Mass Start,Bronze
2014,Sochi,Biathlon,Biathlon,"FOURCADE, Martin",FRA,Men,15KM Mass Start,Silver
2014,Sochi,Biathlon,Biathlon,"SVENDSEN, Emil Hegle",NOR,Men,15KM Mass Start,Gold
2014,Sochi,Biathlon,Biathlon,"FOURCADE, Martin",FRA,Men,20KM,Gold
2014,Sochi,Biathlon,Biathlon,"LESSER, Erik",GER,Men,20KM,Silver
2014,Sochi,Biathlon,Biathlon,"GARANICHEV, Evgeniy",RUS,Men,20KM,Bronze
2014,Sochi,Biathlon,Biathlon,"EDER, Simon",AUT,Men,4X7.5KM Relay,Bronze
2014,Sochi,Biathlon,Biathlon,"LANDERTINGER, Dominik",AUT,Men,4X7.5KM Relay,Bronze
2014,Sochi,Biathlon,Biathlon,"MESOTITSCH, Daniel",AUT,Men,4X7.5KM Relay,Bronze
2014,Sochi,Biathlon,Biathlon,"SUMANN, Christoph",AUT,Men,4X7.5KM Relay,Bronze
2014,Sochi,Biathlon,Biathlon,"BOEHM, Daniel",GER,Men,4X7.5KM Relay,Silver
2014,Sochi,Biathlon,Biathlon,"LESSER, Erik",GER,Men,4X7.5KM Relay,Silver
2014,Sochi,Biathlon,Biathlon,"PEIFFER, Arnd",GER,Men,4X7.5KM Relay,Silver
2014,Sochi,Biathlon,Biathlon,"SCHEMPP, Simon",GER,Men,4X7.5KM Relay,Silver
2014,Sochi,Biathlon,Biathlon,"MALYSHKO, Dmitry",RUS,Men,4X7.5KM Relay,Gold
2014,Sochi,Biathlon,Biathlon,"SHIPULIN, Anton",RUS,Men,4X7.5KM Relay,Gold
2014,Sochi,Biathlon,Biathlon,"USTYUGOV, Evgeny",RUS,Men,4X7.5KM Relay,Gold
2014,Sochi,Biathlon,Biathlon,"VOLKOV, Alexey",RUS,Men,4X7.5KM Relay,Gold
2014,Sochi,Biathlon,Biathlon,"MORAVEC, Ondrej",CZE,Men,Relay Mix,Silver
2014,Sochi,Biathlon,Biathlon,"SOUKUP, Jaroslav",CZE,Men,Relay Mix,Silver
2014,Sochi,Biathlon,Biathlon,"HOFER, Lukas",ITA,Men,Relay Mix,Bronze
2014,Sochi,Biathlon,Biathlon,"WINDISCH, Dominik",ITA,Men,Relay Mix,Bronze
2014,Sochi,Biathlon,Biathlon,"BJOERNDALEN, Ole Einar",NOR,Men,Relay Mix,Gold
2014,Sochi,Biathlon,Biathlon,"SVENDSEN, Emil Hegle",NOR,Men,Relay Mix,Gold
2014,Sochi,Biathlon,Biathlon,"DOMRACHEVA, Darya",BLR,Women,10KM Pursuit,Gold
2014,Sochi,Biathlon,Biathlon,"BERGER, Tora",NOR,Women,10KM Pursuit,Silver
2014,Sochi,Biathlon,Biathlon,"GREGORIN, Teja",SLO,Women,10KM Pursuit,Bronze
2014,Sochi,Biathlon,Biathlon,"DOMRACHEVA, Darya",BLR,Women,12.5KM Mass Start,Gold
2014,Sochi,Biathlon,Biathlon,"SOUKALOVA, Gabriela",CZE,Women,12.5KM Mass Start,Silver
2014,Sochi,Biathlon,Biathlon,"ECKHOFF, Tiril",NOR,Women,12.5KM Mass Start,Bronze
2014,Sochi,Biathlon,Biathlon,"DOMRACHEVA, Darya",BLR,Women,15KM,Gold
2014,Sochi,Biathlon,Biathlon,"SKARDINO, Nadezhda",BLR,Women,15KM,Bronze
2014,Sochi,Biathlon,Biathlon,"GASPARIN, Selina",SUI,Women,15KM,Silver
2014,Sochi,Biathlon,Biathlon,"BERGER, Tora",NOR,Women,4X6KM Relay,Bronze
2014,Sochi,Biathlon,Biathlon,"ECKHOFF, Tiril",NOR,Women,4X6KM Relay,Bronze
2014,Sochi,Biathlon,Biathlon,"FLATLAND, Ann Kristin Aafedt",NOR,Women,4X6KM Relay,Bronze
2014,Sochi,Biathlon,Biathlon,"HORN, Fanny Welle-Strand",NOR,Women,4X6KM Relay,Bronze
2014,Sochi,Biathlon,Biathlon,"ROMANOVA, Yana",RUS,Women,4X6KM Relay,Silver
2014,Sochi,Biathlon,Biathlon,"SHUMILOVA, Ekaterina",RUS,Women,4X6KM Relay,Silver
2014,Sochi,Biathlon,Biathlon,"VILUKHINA, Olga",RUS,Women,4X6KM Relay,Silver
2014,Sochi,Biathlon,Biathlon,"ZAITSEVA, Olga",RUS,Women,4X6KM Relay,Silver
2014,Sochi,Biathlon,Biathlon,"DZHYMA, Juliya",UKR,Women,4X6KM Relay,Gold
2014,Sochi,Biathlon,Biathlon,"PIDHRUSHNA, Olena",UKR,Women,4X6KM Relay,Gold
2014,Sochi,Biathlon,Biathlon,"SEMERENKO, Valj",UKR,Women,4X6KM Relay,Gold
2014,Sochi,Biathlon,Biathlon,"SEMERENKO, Vita",UKR,Women,4X6KM Relay,Gold
2014,Sochi,Biathlon,Biathlon,"VILUKHINA, Olga",RUS,Women,7.5KM,Silver
2014,Sochi,Biathlon,Biathlon,"KUZMINA, Anastazia",SVK,Women,7.5KM,Gold
2014,Sochi,Biathlon,Biathlon,"SEMERENKO, Vita",UKR,Women,7.5KM,Bronze
2014,Sochi,Biathlon,Biathlon,"SOUKALOVA, Gabriela",CZE,Women,Relay Mix,Silver
2014,Sochi,Biathlon,Biathlon,"VITKOVA, Veronika",CZE,Women,Relay Mix,Silver
2014,Sochi,Biathlon,Biathlon,"OBERHOFER, Karin",ITA,Women,Relay Mix,Bronze
2014,Sochi,Biathlon,Biathlon,"WIERER, Dorothea",ITA,Women,Relay Mix,Bronze
2014,Sochi,Biathlon,Biathlon,"BERGER, Tora",NOR,Women,Relay Mix,Gold
2014,Sochi,Biathlon,Biathlon,"ECKHOFF, Tiril",NOR,Women,Relay Mix,Gold
2014,Sochi,Bobsleigh,Bobsleigh,"DREISKENS, Daumants",LAT,Men,Four-Man,Silver
2014,Sochi,Bobsleigh,Bobsleigh,"MELBARDIS, Oskars",LAT,Men,Four-Man,Silver
2014,Sochi,Bobsleigh,Bobsleigh,"STRENGA, Janis",LAT,Men,Four-Man,Silver
2014,Sochi,Bobsleigh,Bobsleigh,"VILKASTE, Arvis",LAT,Men,Four-Man,Silver
2014,Sochi,Bobsleigh,Bobsleigh,"NEGODAYLO, Alexey",RUS,Men,Four-Man,Gold
2014,Sochi,Bobsleigh,Bobsleigh,"TRUNENKOV, Dmitry",RUS,Men,Four-Man,Gold
2014,Sochi,Bobsleigh,Bobsleigh,"VOEVODA, Alexey",RUS,Men,Four-Man,Gold
2014,Sochi,Bobsleigh,Bobsleigh,"ZUBKOV, Alexander",RUS,Men,Four-Man,Gold
2014,Sochi,Bobsleigh,Bobsleigh,"FOGT, Christopher",USA,Men,Four-Man,Bronze
2014,Sochi,Bobsleigh,Bobsleigh,"HOLCOMB, Steven",USA,Men,Four-Man,Bronze
2014,Sochi,Bobsleigh,Bobsleigh,"LANGTON, Steven",USA,Men,Four-Man,Bronze
2014,Sochi,Bobsleigh,Bobsleigh,"TOMASEVICZ, Curtis",USA,Men,Four-Man,Bronze
2014,Sochi,Bobsleigh,Bobsleigh,"VOEVODA, Alexey",RUS,Men,Two-Man,Gold
2014,Sochi,Bobsleigh,Bobsleigh,"ZUBKOV, Alexander",RUS,Men,Two-Man,Gold
2014,Sochi,Bobsleigh,Bobsleigh,"BAUMANN, Alex",SUI,Men,Two-Man,Silver
2014,Sochi,Bobsleigh,Bobsleigh,"HEFTI, Beat",SUI,Men,Two-Man,Silver
2014,Sochi,Bobsleigh,Bobsleigh,"HOLCOMB, Steven",USA,Men,Two-Man,Bronze
2014,Sochi,Bobsleigh,Bobsleigh,"LANGTON, Steven",USA,Men,Two-Man,Bronze
2014,Sochi,Bobsleigh,Bobsleigh,"HUMPHRIES, Kaillie",CAN,Women,Two-Woman,Gold
2014,Sochi,Bobsleigh,Bobsleigh,"MOYSE, Heather",CAN,Women,Two-Woman,Gold
2014,Sochi,Bobsleigh,Bobsleigh,"EVANS, Aja",USA,Women,Two-Woman,Bronze
2014,Sochi,Bobsleigh,Bobsleigh,"GREUBEL, Jamie",USA,Women,Two-Woman,Bronze
2014,Sochi,Bobsleigh,Bobsleigh,"MEYERS, Elana",USA,Women,Two-Woman,Silver
2014,Sochi,Bobsleigh,Bobsleigh,"WILLIAMS, Lauryn",USA,Women,Two-Woman,Silver
2014,Sochi,Bobsleigh,Skeleton,"DUKURS, Martins",LAT,Men,Individual,Silver
2014,Sochi,Bobsleigh,Skeleton,"TRETYAKOV, Alexander",RUS,Men,Individual,Gold
2014,Sochi,Bobsleigh,Skeleton,"ANTOINE, Matthew",USA,Men,Individual,Bronze
2014,Sochi,Bobsleigh,Skeleton,"YARNOLD, Elizabeth",GBR,Women,Individual,Gold
2014,Sochi,Bobsleigh,Skeleton,"NIKITINA, Elena",RUS,Women,Individual,Bronze
2014,Sochi,Bobsleigh,Skeleton,"PIKUS-PACE, Noelle",USA,Women,Individual,Silver
2014,Sochi,Curling,Curling,"FLAXEY, Caleb",CAN,Men,Curling,Gold
2014,Sochi,Curling,Curling,"FRY, Ryan",CAN,Men,Curling,Gold
2014,Sochi,Curling,Curling,"HARNDEN, E.J.",CAN,Men,Curling,Gold
2014,Sochi,Curling,Curling,"HARNDEN, Ryan",CAN,Men,Curling,Gold
2014,Sochi,Curling,Curling,"JACOBS, Brad",CAN,Men,Curling,Gold
2014,Sochi,Curling,Curling,"ANDREWS, Scott",GBR,Men,Curling,Silver
2014,Sochi,Curling,Curling,"BREWSTER, Tom",GBR,Men,Curling,Silver
2014,Sochi,Curling,Curling,"DRUMMOND, Greg",GBR,Men,Curling,Silver
2014,Sochi,Curling,Curling,"GOODFELLOW, Michael",GBR,Men,Curling,Silver
2014,Sochi,Curling,Curling,"MURDOCH, David",GBR,Men,Curling,Silver
2014,Sochi,Curling,Curling,"EDIN, Niklas",SWE,Men,Curling,Bronze
2014,Sochi,Curling,Curling,"ERIKSSON, Oskar",SWE,Men,Curling,Bronze
2014,Sochi,Curling,Curling,"KJAELL, Viktor",SWE,Men,Curling,Bronze
2014,Sochi,Curling,Curling,"KRAUPP, Sebastian",SWE,Men,Curling,Bronze
2014,Sochi,Curling,Curling,"LINDBERG, Fredrik",SWE,Men,Curling,Bronze
2014,Sochi,Curling,Curling,"JONES, Jennifer",CAN,Women,Curling,Gold
2014,Sochi,Curling,Curling,"LAWES, Kaitlyn",CAN,Women,Curling,Gold
2014,Sochi,Curling,Curling,"MCEWEN, Dawn",CAN,Women,Curling,Gold
2014,Sochi,Curling,Curling,"OFFICER, Jill",CAN,Women,Curling,Gold
2014,Sochi,Curling,Curling,"WALL, Kirsten",CAN,Women,Curling,Gold
2014,Sochi,Curling,Curling,"ADAMS, Vicki",GBR,Women,Curling,Bronze
2014,Sochi,Curling,Curling,"GRAY, Lauren",GBR,Women,Curling,Bronze
2014,Sochi,Curling,Curling,"HAMILTON, Claire",GBR,Women,Curling,Bronze
2014,Sochi,Curling,Curling,"MUIRHEAD, Eve",GBR,Women,Curling,Bronze
2014,Sochi,Curling,Curling,"SLOAN, Anna",GBR,Women,Curling,Bronze
2014,Sochi,Curling,Curling,"BERTRUP, Christina",SWE,Women,Curling,Silver
2014,Sochi,Curling,Curling,"KNOCHENHAUER, Agnes",SWE,Women,Curling,Silver
2014,Sochi,Curling,Curling,"PRYTZ, Maria",SWE,Women,Curling,Silver
2014,Sochi,Curling,Curling,"SIGFRIDSSON, Margaretha",SWE,Women,Curling,Silver
2014,Sochi,Curling,Curling,"WENNERSTROEM, Maria",SWE,Women,Curling,Silver
2014,Sochi,Ice Hockey,Ice Hockey,"BENN, Jamie",CAN,Men,Ice Hockey,Gold
2014,Sochi,Ice Hockey,Ice Hockey,"BERGERON, Patrice",CAN,Men,Ice Hockey,Gold
2014,Sochi,Ice Hockey,Ice Hockey,"BOUWMEESTER, Jay",CAN,Men,Ice Hockey,Gold
2014,Sochi,Ice Hockey,Ice Hockey,"CARTER, Jeff",CAN,Men,Ice Hockey,Gold
2014,Sochi,Ice Hockey,Ice Hockey,"CROSBY, Sidney",CAN,Men,Ice Hockey,Gold
2014,Sochi,Ice Hockey,Ice Hockey,"DOUGHTY, Drew",CAN,Men,Ice Hockey,Gold
2014,Sochi,Ice Hockey,Ice Hockey,"DUCHENE, Matt",CAN,Men,Ice Hockey,Gold
2014,Sochi,Ice Hockey,Ice Hockey,"GETZLAF, Ryan",CAN,Men,Ice Hockey,Gold
2014,Sochi,Ice Hockey,Ice Hockey,"HAMHUIS, Dan",CAN,Men,Ice Hockey,Gold
2014,Sochi,Ice Hockey,Ice Hockey,"KEITH, Duncan",CAN,Men,Ice Hockey,Gold
2014,Sochi,Ice Hockey,Ice Hockey,"KUNITZ, Chris",CAN,Men,Ice Hockey,Gold
2014,Sochi,Ice Hockey,Ice Hockey,"LUONGO, Roberto",CAN,Men,Ice Hockey,Gold
2014,Sochi,Ice Hockey,Ice Hockey,"MARLEAU, Patrick",CAN,Men,Ice Hockey,Gold
2014,Sochi,Ice Hockey,Ice Hockey,"NASH, Rick",CAN,Men,Ice Hockey,Gold
2014,Sochi,Ice Hockey,Ice Hockey,"PERRY, Corey",CAN,Men,Ice Hockey,Gold
2014,Sochi,Ice Hockey,Ice Hockey,"PIETRANGELO, Alex",CAN,Men,Ice Hockey,Gold
2014,Sochi,Ice Hockey,Ice Hockey,"PRICE, Carey",CAN,Men,Ice Hockey,Gold
2014,Sochi,Ice Hockey,Ice Hockey,"SHARP, Patrick",CAN,Men,Ice Hockey,Gold
2014,Sochi,Ice Hockey,Ice Hockey,"SMITH, Mike",CAN,Men,Ice Hockey,Gold
2014,Sochi,Ice Hockey,Ice Hockey,"ST-LOUIS, Martin",CAN,Men,Ice Hockey,Gold
2014,Sochi,Ice Hockey,Ice Hockey,"SUBBAN, Pk",CAN,Men,Ice Hockey,Gold
2014,Sochi,Ice Hockey,Ice Hockey,"TAVARES, John",CAN,Men,Ice Hockey,Gold
2014,Sochi,Ice Hockey,Ice Hockey,"TOEWS, Jonathan",CAN,Men,Ice Hockey,Gold
2014,Sochi,Ice Hockey,Ice Hockey,"VLASIC, Marc-Edouard",CAN,Men,Ice Hockey,Gold
2014,Sochi,Ice Hockey,Ice Hockey,"WEBER, Shea",CAN,Men,Ice Hockey,Gold
2014,Sochi,Ice Hockey,Ice Hockey,"AALTONEN, Juhamatti",FIN,Men,Ice Hockey,Bronze
2014,Sochi,Ice Hockey,Ice Hockey,"BARKOV, Aleksander",FIN,Men,Ice Hockey,Bronze
2014,Sochi,Ice Hockey,Ice Hockey,"GRANLUND, Mikael",FIN,Men,Ice Hockey,Bronze
2014,Sochi,Ice Hockey,Ice Hockey,"HIETANEN, Juuso",FIN,Men,Ice Hockey,Bronze
2014,Sochi,Ice Hockey,Ice Hockey,"IMMONEN, Jarkko",FIN,Men,Ice Hockey,Bronze
2014,Sochi,Ice Hockey,Ice Hockey,"JOKINEN, Jussi",FIN,Men,Ice Hockey,Bronze
2014,Sochi,Ice Hockey,Ice Hockey,"JOKINEN, Olli",FIN,Men,Ice Hockey,Bronze
2014,Sochi,Ice Hockey,Ice Hockey,"KOMAROV, Leo",FIN,Men,Ice Hockey,Bronze
2014,Sochi,Ice Hockey,Ice Hockey,"KONTIOLA, Petri",FIN,Men,Ice Hockey,Bronze
2014,Sochi,Ice Hockey,Ice Hockey,"KORPIKOSKI, Lauri",FIN,Men,Ice Hockey,Bronze
2014,Sochi,Ice Hockey,Ice Hockey,"KUKKONEN, Lasse",FIN,Men,Ice Hockey,Bronze
2014,Sochi,Ice Hockey,Ice Hockey,"LEHTERA, Jori",FIN,Men,Ice Hockey,Bronze
2014,Sochi,Ice Hockey,Ice Hockey,"LEHTONEN, Kari",FIN,Men,Ice Hockey,Bronze
2014,Sochi,Ice Hockey,Ice Hockey,"LEPISTO, Sami",FIN,Men,Ice Hockey,Bronze
2014,Sochi,Ice Hockey,Ice Hockey,"MAATTA, Olli",FIN,Men,Ice Hockey,Bronze
2014,Sochi,Ice Hockey,Ice Hockey,"NIEMI, Antti",FIN,Men,Ice Hockey,Bronze
2014,Sochi,Ice Hockey,Ice Hockey,"PIHLSTROM, Antti",FIN,Men,Ice Hockey,Bronze
2014,Sochi,Ice Hockey,Ice Hockey,"RASK, Tuukka",FIN,Men,Ice Hockey,Bronze
2014,Sochi,Ice Hockey,Ice Hockey,"RUUTU, Tuomo",FIN,Men,Ice Hockey,Bronze
2014,Sochi,Ice Hockey,Ice Hockey,"SALMINEN, Sakari",FIN,Men,Ice Hockey,Bronze
2014,Sochi,Ice Hockey,Ice Hockey,"SALO, Sami",FIN,Men,Ice Hockey,Bronze
2014,Sochi,Ice Hockey,Ice Hockey,"SELANNE, Teemu",FIN,Men,Ice Hockey,Bronze
2014,Sochi,Ice Hockey,Ice Hockey,"TIMONEN, Kimmo",FIN,Men,Ice Hockey,Bronze
2014,Sochi,Ice Hockey,Ice Hockey,"VAANANEN, Ossi",FIN,Men,Ice Hockey,Bronze
2014,Sochi,Ice Hockey,Ice Hockey,"VATANEN, Sami",FIN,Men,Ice Hockey,Bronze
2014,Sochi,Ice Hockey,Ice Hockey,"ALFREDSSON, Daniel",SWE,Men,Ice Hockey,Silver
2014,Sochi,Ice Hockey,Ice Hockey,"BACKSTROM, Nicklas",SWE,Men,Ice Hockey,Silver
2014,Sochi,Ice Hockey,Ice Hockey,"BERGLUND, Patrik",SWE,Men,Ice Hockey,Silver
2014,Sochi,Ice Hockey,Ice Hockey,"EDLER, Alexander",SWE,Men,Ice Hockey,Silver
2014,Sochi,Ice Hockey,Ice Hockey,"EKMAN LARSSON, Oliver",SWE,Men,Ice Hockey,Silver
2014,Sochi,Ice Hockey,Ice Hockey,"ENROTH, Jhonas",SWE,Men,Ice Hockey,Silver
2014,Sochi,Ice Hockey,Ice Hockey,"ERICSSON, Jimmie",SWE,Men,Ice Hockey,Silver
2014,Sochi,Ice Hockey,Ice Hockey,"ERICSSON, Jonathan",SWE,Men,Ice Hockey,Silver
2014,Sochi,Ice Hockey,Ice Hockey,"ERIKSSON, Loui",SWE,Men,Ice Hockey,Silver
2014,Sochi,Ice Hockey,Ice Hockey,"GUSTAVSSON, Jonas",SWE,Men,Ice Hockey,Silver
2014,Sochi,Ice Hockey,Ice Hockey,"HAGELIN, Carl",SWE,Men,Ice Hockey,Silver
2014,Sochi,Ice Hockey,Ice Hockey,"HJALMARSSON, Niklas",SWE,Men,Ice Hockey,Silver
2014,Sochi,Ice Hockey,Ice Hockey,"JOHANSSON, Marcus",SWE,Men,Ice Hockey,Silver
2014,Sochi,Ice Hockey,Ice Hockey,"KARLSSON, Erik",SWE,Men,Ice Hockey,Silver
2014,Sochi,Ice Hockey,Ice Hockey,"KRONWALL, Niklas",SWE,Men,Ice Hockey,Silver
2014,Sochi,Ice Hockey,Ice Hockey,"KRUGER, Marcus",SWE,Men,Ice Hockey,Silver
2014,Sochi,Ice Hockey,Ice Hockey,"LANDESKOG, Gabriel",SWE,Men,Ice Hockey,Silver
2014,Sochi,Ice Hockey,Ice Hockey,"LUNDQVIST, Henrik",SWE,Men,Ice Hockey,Silver
2014,Sochi,Ice Hockey,Ice Hockey,"NYQUIST, Gustav",SWE,Men,Ice Hockey,Silver
2014,Sochi,Ice Hockey,Ice Hockey,"ODUYA, Johnny",SWE,Men,Ice Hockey,Silver
2014,Sochi,Ice Hockey,Ice Hockey,"SEDIN, Daniel",SWE,Men,Ice Hockey,Silver
2014,Sochi,Ice Hockey,Ice Hockey,"SILFVERBERG, Jakob",SWE,Men,Ice Hockey,Silver
2014,Sochi,Ice Hockey,Ice Hockey,"STEEN, Alexander",SWE,Men,Ice Hockey,Silver
2014,Sochi,Ice Hockey,Ice Hockey,"TALLINDER, Henrik",SWE,Men,Ice Hockey,Silver
2014,Sochi,Ice Hockey,Ice Hockey,"ZETTERBERG, Henrik",SWE,Men,Ice Hockey,Silver
2014,Sochi,Ice Hockey,Ice Hockey,"AGOSTA, Meghan",CAN,Women,Ice Hockey,Gold
2014,Sochi,Ice Hockey,Ice Hockey,"APPS, Gillian",CAN,Women,Ice Hockey,Gold
2014,Sochi,Ice Hockey,Ice Hockey,"DAOUST, Melodie",CAN,Women,Ice Hockey,Gold
2014,Sochi,Ice Hockey,Ice Hockey,"FORTINO, Laura",CAN,Women,Ice Hockey,Gold
2014,Sochi,Ice Hockey,Ice Hockey,"HEFFORD, Jayna",CAN,Women,Ice Hockey,Gold
2014,Sochi,Ice Hockey,Ice Hockey,"IRWIN, Haley",CAN,Women,Ice Hockey,Gold
2014,Sochi,Ice Hockey,Ice Hockey,"JENNER, Brianne",CAN,Women,Ice Hockey,Gold
2014,Sochi,Ice Hockey,Ice Hockey,"JOHNSTON, Rebecca",CAN,Women,Ice Hockey,Gold
2014,Sochi,Ice Hockey,Ice Hockey,"LABONTE, Charline",CAN,Women,Ice Hockey,Gold
2014,Sochi,Ice Hockey,Ice Hockey,"LACASSE, Genevieve",CAN,Women,Ice Hockey,Gold
2014,Sochi,Ice Hockey,Ice Hockey,"LAROCQUE, Jocelyne",CAN,Women,Ice Hockey,Gold
2014,Sochi,Ice Hockey,Ice Hockey,"MIKKELSON, Meaghan",CAN,Women,Ice Hockey,Gold
2014,Sochi,Ice Hockey,Ice Hockey,"OUELLETTE, Caroline",CAN,Women,Ice Hockey,Gold
2014,Sochi,Ice Hockey,Ice Hockey,"POULIN, Marie-Philip",CAN,Women,Ice Hockey,Gold
2014,Sochi,Ice Hockey,Ice Hockey,"ROUGEAU, Lauriane",CAN,Women,Ice Hockey,Gold
2014,Sochi,Ice Hockey,Ice Hockey,"SPOONER, Natalie",CAN,Women,Ice Hockey,Gold
2014,Sochi,Ice Hockey,Ice Hockey,"SZABADOS, Shannon",CAN,Women,Ice Hockey,Gold
2014,Sochi,Ice Hockey,Ice Hockey,"WAKEFIELD, Jennifer",CAN,Women,Ice Hockey,Gold
2014,Sochi,Ice Hockey,Ice Hockey,"WARD, Catherine",CAN,Women,Ice Hockey,Gold
2014,Sochi,Ice Hockey,Ice Hockey,"WATCHORN, Tara",CAN,Women,Ice Hockey,Gold
2014,Sochi,Ice Hockey,Ice Hockey,"WICKENHEISER, Hayley",CAN,Women,Ice Hockey,Gold
2014,Sochi,Ice Hockey,Ice Hockey,"ALDER, Janine",SUI,Women,Ice Hockey,Bronze
2014,Sochi,Ice Hockey,Ice Hockey,"ALTMANN, Livia",SUI,Women,Ice Hockey,Bronze
2014,Sochi,Ice Hockey,Ice Hockey,"ANTHAMATTEN, Sophie",SUI,Women,Ice Hockey,Bronze
2014,Sochi,Ice Hockey,Ice Hockey,"BENZ, Laura",SUI,Women,Ice Hockey,Bronze
2014,Sochi,Ice Hockey,Ice Hockey,"BENZ, Sara",SUI,Women,Ice Hockey,Bronze
2014,Sochi,Ice Hockey,Ice Hockey,"BULLO, Nicole",SUI,Women,Ice Hockey,Bronze
2014,Sochi,Ice Hockey,Ice Hockey,"EGGIMANN, Romy",SUI,Women,Ice Hockey,Bronze
2014,Sochi,Ice Hockey,Ice Hockey,"FORSTER, Sarah",SUI,Women,Ice Hockey,Bronze
2014,Sochi,Ice Hockey,Ice Hockey,"FRAUTSCHI, Angela",SUI,Women,Ice Hockey,Bronze
2014,Sochi,Ice Hockey,Ice Hockey,"LUTZ, Jessica",SUI,Women,Ice Hockey,Bronze
2014,Sochi,Ice Hockey,Ice Hockey,"MARTY, Julia",SUI,Women,Ice Hockey,Bronze
2014,Sochi,Ice Hockey,Ice Hockey,"MARTY, Stefanie",SUI,Women,Ice Hockey,Bronze
2014,Sochi,Ice Hockey,Ice Hockey,"MULLER, Alina",SUI,Women,Ice Hockey,Bronze
2014,Sochi,Ice Hockey,Ice Hockey,"NABHOLZ, Katrin",SUI,Women,Ice Hockey,Bronze
2014,Sochi,Ice Hockey,Ice Hockey,"RASELLI, Evelina",SUI,Women,Ice Hockey,Bronze
2014,Sochi,Ice Hockey,Ice Hockey,"SCHELLING, Florence",SUI,Women,Ice Hockey,Bronze
2014,Sochi,Ice Hockey,Ice Hockey,"STAENZ, Phoebe",SUI,Women,Ice Hockey,Bronze
2014,Sochi,Ice Hockey,Ice Hockey,"STALDER, Lara",SUI,Women,Ice Hockey,Bronze
2014,Sochi,Ice Hockey,Ice Hockey,"STIEFEL, Anja",SUI,Women,Ice Hockey,Bronze
2014,Sochi,Ice Hockey,Ice Hockey,"THALMANN, Sandra",SUI,Women,Ice Hockey,Bronze
2014,Sochi,Ice Hockey,Ice Hockey,"WAIDACHER, Nina",SUI,Women,Ice Hockey,Bronze
2014,Sochi,Ice Hockey,Ice Hockey,"BELLAMY, Kacey",USA,Women,Ice Hockey,Silver
2014,Sochi,Ice Hockey,Ice Hockey,"BOZEK, Megan",USA,Women,Ice Hockey,Silver
2014,Sochi,Ice Hockey,Ice Hockey,"CARPENTER, Alex",USA,Women,Ice Hockey,Silver
2014,Sochi,Ice Hockey,Ice Hockey,"CHU, Julie",USA,Women,Ice Hockey,Silver
2014,Sochi,Ice Hockey,Ice Hockey,"COYNE, Kendall",USA,Women,Ice Hockey,Silver
2014,Sochi,Ice Hockey,Ice Hockey,"DECKER, Brianna",USA,Women,Ice Hockey,Silver
2014,Sochi,Ice Hockey,Ice Hockey,"DUGGAN, Meghan",USA,Women,Ice Hockey,Silver
2014,Sochi,Ice Hockey,Ice Hockey,"FRY, Lyndsey",USA,Women,Ice Hockey,Silver
2014,Sochi,Ice Hockey,Ice Hockey,"KESSEL, Amanda",USA,Women,Ice Hockey,Silver
2014,Sochi,Ice Hockey,Ice Hockey,"KNIGHT, Hilary",USA,Women,Ice Hockey,Silver
2014,Sochi,Ice Hockey,Ice Hockey,"LAMOUREUX, Jocelyne",USA,Women,Ice Hockey,Silver
2014,Sochi,Ice Hockey,Ice Hockey,"LAMOUREUX, Monique",USA,Women,Ice Hockey,Silver
2014,Sochi,Ice Hockey,Ice Hockey,"MARVIN, Gigi",USA,Women,Ice Hockey,Silver
2014,Sochi,Ice Hockey,Ice Hockey,"MCLAUGHLIN, Brianne",USA,Women,Ice Hockey,Silver
2014,Sochi,Ice Hockey,Ice Hockey,"PICARD, Michelle",USA,Women,Ice Hockey,Silver
2014,Sochi,Ice Hockey,Ice Hockey,"PUCCI, Josephine",USA,Women,Ice Hockey,Silver
2014,Sochi,Ice Hockey,Ice Hockey,"SCHAUS, Molly",USA,Women,Ice Hockey,Silver
2014,Sochi,Ice Hockey,Ice Hockey,"SCHLEPER, Anne",USA,Women,Ice Hockey,Silver
2014,Sochi,Ice Hockey,Ice Hockey,"STACK, Kelli",USA,Women,Ice Hockey,Silver
2014,Sochi,Ice Hockey,Ice Hockey,"STECKLEIN, Lee",USA,Women,Ice Hockey,Silver
2014,Sochi,Ice Hockey,Ice Hockey,"VETTER, Jessie",USA,Women,Ice Hockey,Silver
2014,Sochi,Luge,Luge,"LINGER, Andreas",AUT,Men,Doubles,Silver
2014,Sochi,Luge,Luge,"LINGER, Wolfgang",AUT,Men,Doubles,Silver
2014,Sochi,Luge,Luge,"ARLT, Tobias",GER,Men,Doubles,Gold
2014,Sochi,Luge,Luge,"WENDL, Tobias",GER,Men,Doubles,Gold
2014,Sochi,Luge,Luge,"SICS, Andris",LAT,Men,Doubles,Bronze
2014,Sochi,Luge,Luge,"SICS, Juris",LAT,Men,Doubles,Bronze
2014,Sochi,Luge,Luge,"ARLT, Tobias",GER,Men,Mixed Relay,Gold
2014,Sochi,Luge,Luge,"LOCH, Felix",GER,Men,Mixed Relay,Gold
2014,Sochi,Luge,Luge,"WENDL, Tobias",GER,Men,Mixed Relay,Gold
2014,Sochi,Luge,Luge,"RUBENIS, Martins",LAT,Men,Mixed Relay,Bronze
2014,Sochi,Luge,Luge,"SICS, Andris",LAT,Men,Mixed Relay,Bronze
2014,Sochi,Luge,Luge,"SICS, Juris",LAT,Men,Mixed Relay,Bronze
2014,Sochi,Luge,Luge,"ANTONOV, Vladislav",RUS,Men,Mixed Relay,Silver
2014,Sochi,Luge,Luge,"DEMTSCHENKO, Albert",RUS,Men,Mixed Relay,Silver
2014,Sochi,Luge,Luge,"DENISYEV, Alexander",RUS,Men,Mixed Relay,Silver
2014,Sochi,Luge,Luge,"LOCH, Felix",GER,Men,Singles,Gold
2014,Sochi,Luge,Luge,"ZOEGGELER, Armin",ITA,Men,Singles,Bronze
2014,Sochi,Luge,Luge,"DEMTSCHENKO, Albert",RUS,Men,Singles,Silver
2014,Sochi,Luge,Luge,"GEISENBERGER, Natalie",GER,Women,Mixed Relay,Gold
2014,Sochi,Luge,Luge,"TIRUMA, Eliza",LAT,Women,Mixed Relay,Bronze
2014,Sochi,Luge,Luge,"IVANOVA, Tatiana",RUS,Women,Mixed Relay,Silver
2014,Sochi,Luge,Luge,"GEISENBERGER, Natalie",GER,Women,Singles,Gold
2014,Sochi,Luge,Luge,"HUEFNER, Tatjana",GER,Women,Singles,Silver
2014,Sochi,Luge,Luge,"HAMLIN, Erin",USA,Women,Singles,Bronze
2014,Sochi,Skating,Figure skating,"MOIR, Scott",CAN,Men,Ice Dancing,Silver
2014,Sochi,Skating,Figure skating,"KATSALAPOV, Nikita",RUS,Men,Ice Dancing,Bronze
2014,Sochi,Skating,Figure skating,"WHITE, Charlie",USA,Men,Ice Dancing,Gold
2014,Sochi,Skating,Figure skating,"CHAN, Patrick",CAN,Men,Individual,Silver
2014,Sochi,Skating,Figure skating,"HANYU, Yuzuru",JPN,Men,Individual,Gold
2014,Sochi,Skating,Figure skating,"TEN, Denis",KAZ,Men,Individual,Bronze
2014,Sochi,Skating,Figure skating,"SZOLKOWY, Robin",GER,Men,Pairs,Bronze
2014,Sochi,Skating,Figure skating,"KLIMOV, Fedor",RUS,Men,Pairs,Silver
2014,Sochi,Skating,Figure skating,"TRANKOV, Maxim",RUS,Men,Pairs,Gold
2014,Sochi,Skating,Figure skating,"CHAN, Patrick",CAN,Men,Team,Silver
2014,Sochi,Skating,Figure skating,"MOIR, Scott",CAN,Men,Team,Silver
2014,Sochi,Skating,Figure skating,"MOSCOVITCH, Dylan",CAN,Men,Team,Silver
2014,Sochi,Skating,Figure skating,"RADFORD, Eric",CAN,Men,Team,Silver
2014,Sochi,Skating,Figure skating,"REYNOLDS, Kevin",CAN,Men,Team,Silver
2014,Sochi,Skating,Figure skating,"KATSALAPOV, Nikita",RUS,Men,Team,Gold
2014,Sochi,Skating,Figure skating,"KLIMOV, Fedor",RUS,Men,Team,Gold
2014,Sochi,Skating,Figure skating,"PLYUSHCHENKO, Evgeny",RUS,Men,Team,Gold
2014,Sochi,Skating,Figure skating,"SOLOVIEV, Dmitri",RUS,Men,Team,Gold
2014,Sochi,Skating,Figure skating,"TRANKOV, Maxim",RUS,Men,Team,Gold
2014,Sochi,Skating,Figure skating,"ABBOTT, Jeremy",USA,Men,Team,Bronze
2014,Sochi,Skating,Figure skating,"BROWN, Jason",USA,Men,Team,Bronze
2014,Sochi,Skating,Figure skating,"SHNAPIR, Simon",USA,Men,Team,Bronze
2014,Sochi,Skating,Figure skating,"WHITE, Charlie",USA,Men,Team,Bronze
2014,Sochi,Skating,Figure skating,"VIRTUE, Tessa",CAN,Women,Ice Dancing,Silver
2014,Sochi,Skating,Figure skating,"ILINYKH, Elena",RUS,Women,Ice Dancing,Bronze
2014,Sochi,Skating,Figure skating,"DAVIS, Meryl",USA,Women,Ice Dancing,Gold
2014,Sochi,Skating,Figure skating,"KOSTNER, Carolina",ITA,Women,Individual,Bronze
2014,Sochi,Skating,Figure skating,"KIM, Yuna",KOR,Women,Individual,Silver
2014,Sochi,Skating,Figure skating,"SOTNIKOVA, Adelina",RUS,Women,Individual,Gold
2014,Sochi,Skating,Figure skating,"SAVCHENKO, Aliona",GER,Women,Pairs,Bronze
2014,Sochi,Skating,Figure skating,"STOLBOVA, Ksenia",RUS,Women,Pairs,Silver
2014,Sochi,Skating,Figure skating,"VOLOSOZHAR, Tatiana",RUS,Women,Pairs,Gold
2014,Sochi,Skating,Figure skating,"DUHAMEL, Meagan",CAN,Women,Team,Silver
2014,Sochi,Skating,Figure skating,"MOORE-TOWERS, Kirsten",CAN,Women,Team,Silver
2014,Sochi,Skating,Figure skating,"OSMOND, Kaetlyn",CAN,Women,Team,Silver
2014,Sochi,Skating,Figure skating,"VIRTUE, Tessa",CAN,Women,Team,Silver
2014,Sochi,Skating,Figure skating,"BOBROVA, Ekaterina",RUS,Women,Team,Gold
2014,Sochi,Skating,Figure skating,"ILINYKH, Elena",RUS,Women,Team,Gold
2014,Sochi,Skating,Figure skating,"LIPNITSKAYA, Yulia",RUS,Women,Team,Gold
2014,Sochi,Skating,Figure skating,"STOLBOVA, Ksenia",RUS,Women,Team,Gold
2014,Sochi,Skating,Figure skating,"VOLOSOZHAR, Tatiana",RUS,Women,Team,Gold
2014,Sochi,Skating,Figure skating,"CASTELLI, Marissa",USA,Women,Team,Bronze
2014,Sochi,Skating,Figure skating,"DAVIS, Meryl",USA,Women,Team,Bronze
2014,Sochi,Skating,Figure skating,"GOLD, Gracie",USA,Women,Team,Bronze
2014,Sochi,Skating,Figure skating,"WAGNER, Ashley",USA,Women,Team,Bronze
2014,Sochi,Skating,Short Track Speed Skating,"KNEGT, Sjinkie",NED,Men,1000M,Bronze
2014,Sochi,Skating,Short Track Speed Skating,"AN, Victor",RUS,Men,1000M,Gold
2014,Sochi,Skating,Short Track Speed Skating,"GRIGOREV, Vladimir",RUS,Men,1000M,Silver
2014,Sochi,Skating,Short Track Speed Skating,"HAMELIN, Charles",CAN,Men,1500M,Gold
2014,Sochi,Skating,Short Track Speed Skating,"HAN, Tianyu",CHN,Men,1500M,Silver
2014,Sochi,Skating,Short Track Speed Skating,"AN, Victor",RUS,Men,1500M,Bronze
2014,Sochi,Skating,Short Track Speed Skating,"CHEN, Dequan",CHN,Men,5000M Relay,Bronze
2014,Sochi,Skating,Short Track Speed Skating,"HAN, Tianyu",CHN,Men,5000M Relay,Bronze
2014,Sochi,Skating,Short Track Speed Skating,"LIANG, Wenhao",CHN,Men,5000M Relay,Bronze
2014,Sochi,Skating,Short Track Speed Skating,"SHI, Jingnan",CHN,Men,5000M Relay,Bronze
2014,Sochi,Skating,Short Track Speed Skating,"WU, Dajing",CHN,Men,5000M Relay,Bronze
2014,Sochi,Skating,Short Track Speed Skating,"AN, Victor",RUS,Men,5000M Relay,Gold
2014,Sochi,Skating,Short Track Speed Skating,"ELISTRATOV, Semion",RUS,Men,5000M Relay,Gold
2014,Sochi,Skating,Short Track Speed Skating,"GRIGOREV, Vladimir",RUS,Men,5000M Relay,Gold
2014,Sochi,Skating,Short Track Speed Skating,"ZAKHAROV, Ruslan",RUS,Men,5000M Relay,Gold
2014,Sochi,Skating,Short Track Speed Skating,"ALVAREZ, Eduardo",USA,Men,5000M Relay,Silver
2014,Sochi,Skating,Short Track Speed Skating,"CELSKI, J.R.",USA,Men,5000M Relay,Silver
2014,Sochi,Skating,Short Track Speed Skating,"CREVELING, Chris",USA,Men,5000M Relay,Silver
2014,Sochi,Skating,Short Track Speed Skating,"MALONE, Jordan",USA,Men,5000M Relay,Silver
2014,Sochi,Skating,Short Track Speed Skating,"COURNOYER, Charle",CAN,Men,500M,Bronze
2014,Sochi,Skating,Short Track Speed Skating,"WU, Dajing",CHN,Men,500M,Silver
2014,Sochi,Skating,Short Track Speed Skating,"AN, Victor",RUS,Men,500M,Gold
2014,Sochi,Skating,Short Track Speed Skating,"FAN, Kexin",CHN,Women,1000M,Silver
2014,Sochi,Skating,Short Track Speed Skating,"PARK, Seung-Hi",KOR,Women,1000M,Gold
2014,Sochi,Skating,Short Track Speed Skating,"SHIM, Suk Hee",KOR,Women,1000M,Bronze
2014,Sochi,Skating,Short Track Speed Skating,"ZHOU, Yang",CHN,Women,1500M,Gold
2014,Sochi,Skating,Short Track Speed Skating,"FONTANA, Arianna",ITA,Women,1500M,Bronze
2014,Sochi,Skating,Short Track Speed Skating,"SHIM, Suk Hee",KOR,Women,1500M,Silver
2014,Sochi,Skating,Short Track Speed Skating,"DROLET, Marie-Eve",CAN,Women,3000M Relay,Silver
2014,Sochi,Skating,Short Track Speed Skating,"HEWITT, Jessica",CAN,Women,3000M Relay,Silver
2014,Sochi,Skating,Short Track Speed Skating,"MALTAIS, Valerie",CAN,Women,3000M Relay,Silver
2014,Sochi,Skating,Short Track Speed Skating,"ST-GELAIS, Marianne",CAN,Women,3000M Relay,Silver
2014,Sochi,Skating,Short Track Speed Skating,"FONTANA, Arianna",ITA,Women,3000M Relay,Bronze
2014,Sochi,Skating,Short Track Speed Skating,"PERETTI, Lucia",ITA,Women,3000M Relay,Bronze
2014,Sochi,Skating,Short Track Speed Skating,"VALCEPINA, Martina",ITA,Women,3000M Relay,Bronze
2014,Sochi,Skating,Short Track Speed Skating,"VIVIANI, Elena",ITA,Women,3000M Relay,Bronze
2014,Sochi,Skating,Short Track Speed Skating,"CHO, Ha-Ri",KOR,Women,3000M Relay,Gold
2014,Sochi,Skating,Short Track Speed Skating,"KIM, Alang",KOR,Women,3000M Relay,Gold
2014,Sochi,Skating,Short Track Speed Skating,"KONG, Sangjeong",KOR,Women,3000M Relay,Gold
2014,Sochi,Skating,Short Track Speed Skating,"PARK, Seung-Hi",KOR,Women,3000M Relay,Gold
2014,Sochi,Skating,Short Track Speed Skating,"SHIM, Suk Hee",KOR,Women,3000M Relay,Gold
2014,Sochi,Skating,Short Track Speed Skating,"LI, Jianrou",CHN,Women,500M,Gold
2014,Sochi,Skating,Short Track Speed Skating,"FONTANA, Arianna",ITA,Women,500M,Silver
2014,Sochi,Skating,Short Track Speed Skating,"PARK, Seung-Hi",KOR,Women,500M,Bronze
2014,Sochi,Skating,Speed skating,"BERGSMA, Jorrit",NED,Men,10000M,Gold
2014,Sochi,Skating,Speed skating,"DE JONG, Bob",NED,Men,10000M,Bronze
2014,Sochi,Skating,Speed skating,"KRAMER, Sven",NED,Men,10000M,Silver
2014,Sochi,Skating,Speed skating,"MORRISON, Denny",CAN,Men,1000M,Silver
2014,Sochi,Skating,Speed skating,"GROOTHUIS, Stefan",NED,Men,1000M,Gold
2014,Sochi,Skating,Speed skating,"MULDER, Michel",NED,Men,1000M,Bronze
2014,Sochi,Skating,Speed skating,"MORRISON, Denny",CAN,Men,1500M,Bronze
2014,Sochi,Skating,Speed skating,"VERWEIJ, Koen",NED,Men,1500M,Silver
2014,Sochi,Skating,Speed skating,"BRODKA, Zbigniew",POL,Men,1500M,Gold
2014,Sochi,Skating,Speed skating,"BERGSMA, Jorrit",NED,Men,5000M,Bronze
2014,Sochi,Skating,Speed skating,"BLOKHUIJSEN, Jan",NED,Men,5000M,Silver
2014,Sochi,Skating,Speed skating,"KRAMER, Sven",NED,Men,5000M,Gold
2014,Sochi,Skating,Speed skating,"MULDER, Michel",NED,Men,500M,Gold
2014,Sochi,Skating,Speed skating,"MULDER, Ronald",NED,Men,500M,Bronze
2014,Sochi,Skating,Speed skating,"SMEEKENS, Jan",NED,Men,500M,Silver
2014,Sochi,Skating,Speed skating,"JOO, Hyong Jun",KOR,Men,Team Pursuit,Silver
2014,Sochi,Skating,Speed skating,"KIM, Cheol Min",KOR,Men,Team Pursuit,Silver
2014,Sochi,Skating,Speed skating,"LEE, Seung Hoon",KOR,Men,Team Pursuit,Silver
2014,Sochi,Skating,Speed skating,"BLOKHUIJSEN, Jan",NED,Men,Team Pursuit,Gold
2014,Sochi,Skating,Speed skating,"KRAMER, Sven",NED,Men,Team Pursuit,Gold
2014,Sochi,Skating,Speed skating,"VERWEIJ, Koen",NED,Men,Team Pursuit,Gold
2014,Sochi,Skating,Speed skating,"BRODKA, Zbigniew",POL,Men,Team Pursuit,Bronze
2014,Sochi,Skating,Speed skating,"NIEDZWIEDZKI, Konrad",POL,Men,Team Pursuit,Bronze
2014,Sochi,Skating,Speed skating,"SZYMANSKI, Jan",POL,Men,Team Pursuit,Bronze
2014,Sochi,Skating,Speed skating,"ZHANG, Hong",CHN,Women,1000M,Gold
2014,Sochi,Skating,Speed skating,"BOER, Margot",NED,Women,1000M,Bronze
2014,Sochi,Skating,Speed skating,"WÃœST, Ireen",NED,Women,1000M,Silver
2014,Sochi,Skating,Speed skating,"TER MORS, Jorien",NED,Women,1500M,Gold
2014,Sochi,Skating,Speed skating,"van BEEK, Lotte",NED,Women,1500M,Bronze
2014,Sochi,Skating,Speed skating,"WÃœST, Ireen",NED,Women,1500M,Silver
2014,Sochi,Skating,Speed skating,"SABLIKOVA, Martina",CZE,Women,3000M,Silver
2014,Sochi,Skating,Speed skating,"WÃœST, Ireen",NED,Women,3000M,Gold
2014,Sochi,Skating,Speed skating,"GRAF, Olga",RUS,Women,3000M,Bronze
2014,Sochi,Skating,Speed skating,"SABLIKOVA, Martina",CZE,Women,5000M,Gold
2014,Sochi,Skating,Speed skating,"KLEIBEUKER, Carien",NED,Women,5000M,Bronze
2014,Sochi,Skating,Speed skating,"WÃœST, Ireen",NED,Women,5000M,Silver
2014,Sochi,Skating,Speed skating,"LEE, Sang Hwa",KOR,Women,500M,Gold
2014,Sochi,Skating,Speed skating,"BOER, Margot",NED,Women,500M,Bronze
2014,Sochi,Skating,Speed skating,"FATKULINA, Olga",RUS,Women,500M,Silver
2014,Sochi,Skating,Speed skating,"LEENSTRA, Marrit",NED,Women,Team Pursuit,Gold
2014,Sochi,Skating,Speed skating,"TER MORS, Jorien",NED,Women,Team Pursuit,Gold
2014,Sochi,Skating,Speed skating,"van BEEK, Lotte",NED,Women,Team Pursuit,Gold
2014,Sochi,Skating,Speed skating,"WÃœST, Ireen",NED,Women,Team Pursuit,Gold
2014,Sochi,Skating,Speed skating,"BACHLEDA-CURUS, Katarzyna",POL,Women,Team Pursuit,Silver
2014,Sochi,Skating,Speed skating,"CZERWONKA, Natalia",POL,Women,Team Pursuit,Silver
2014,Sochi,Skating,Speed skating,"WOZNIAK, Katarzyna",POL,Women,Team Pursuit,Silver
2014,Sochi,Skating,Speed skating,"ZLOTKOWSKA, Luiza",POL,Women,Team Pursuit,Silver
2014,Sochi,Skating,Speed skating,"GRAF, Olga",RUS,Women,Team Pursuit,Bronze
2014,Sochi,Skating,Speed skating,"LOBYSHEVA, Yekaterina",RUS,Women,Team Pursuit,Bronze
2014,Sochi,Skating,Speed skating,"SHIKHOVA, Yekaterina",RUS,Women,Team Pursuit,Bronze
2014,Sochi,Skating,Speed skating,"SKOKOVA, Yuliya",RUS,Women,Team Pursuit,Bronze
2014,Sochi,Skiing,Alpine Skiing,"MAYER, Matthias",AUT,Men,Downhill,Gold
2014,Sochi,Skiing,Alpine Skiing,"INNERHOFER, Christof",ITA,Men,Downhill,Silver
2014,Sochi,Skiing,Alpine Skiing,"JANSRUD, Kjetil",NOR,Men,Downhill,Bronze
2014,Sochi,Skiing,Alpine Skiing,"MISSILLIER, Steve",FRA,Men,Giant Slalom,Silver
2014,Sochi,Skiing,Alpine Skiing,"PINTURAULT, Alexis",FRA,Men,Giant Slalom,Bronze
2014,Sochi,Skiing,Alpine Skiing,"LIGETY, Ted",USA,Men,Giant Slalom,Gold
2014,Sochi,Skiing,Alpine Skiing,"HIRSCHER, Marcel",AUT,Men,Slalom,Silver
2014,Sochi,Skiing,Alpine Skiing,"MATT, Mario",AUT,Men,Slalom,Gold
2014,Sochi,Skiing,Alpine Skiing,"KRISTOFFERSEN, Henrik",NOR,Men,Slalom,Bronze
2014,Sochi,Skiing,Alpine Skiing,"KOSTELIC, Ivica",CRO,Men,Super Combined,Silver
2014,Sochi,Skiing,Alpine Skiing,"INNERHOFER, Christof",ITA,Men,Super Combined,Bronze
2014,Sochi,Skiing,Alpine Skiing,"VILETTA, Sandro",SUI,Men,Super Combined,Gold
2014,Sochi,Skiing,Alpine Skiing,"HUDEC, Jan",CAN,Men,Super-G,Bronze
2014,Sochi,Skiing,Alpine Skiing,"JANSRUD, Kjetil",NOR,Men,Super-G,Gold
2014,Sochi,Skiing,Alpine Skiing,"MILLER, Bode",USA,Men,Super-G,Bronze
2014,Sochi,Skiing,Alpine Skiing,"WEIBRECHT, Andrew",USA,Men,Super-G,Silver
2014,Sochi,Skiing,Alpine Skiing,"MAZE, Tina",SLO,Women,Downhill,Gold
2014,Sochi,Skiing,Alpine Skiing,"GISIN, Dominique",SUI,Women,Downhill,Gold
2014,Sochi,Skiing,Alpine Skiing,"GUT, Lara",SUI,Women,Downhill,Bronze
2014,Sochi,Skiing,Alpine Skiing,"FENNINGER, Anna",AUT,Women,Giant Slalom,Silver
2014,Sochi,Skiing,Alpine Skiing,"REBENSBURG, Viktoria",GER,Women,Giant Slalom,Bronze
2014,Sochi,Skiing,Alpine Skiing,"MAZE, Tina",SLO,Women,Giant Slalom,Gold
2014,Sochi,Skiing,Alpine Skiing,"SCHILD, Marlies",AUT,Women,Slalom,Silver
2014,Sochi,Skiing,Alpine Skiing,"ZETTEL, Kathrin",AUT,Women,Slalom,Bronze
2014,Sochi,Skiing,Alpine Skiing,"SHIFFRIN, Mikaela",USA,Women,Slalom,Gold
2014,Sochi,Skiing,Alpine Skiing,"HOSP, Nicole",AUT,Women,Super Combined,Silver
2014,Sochi,Skiing,Alpine Skiing,"HOEFL-RIESCH, Maria",GER,Women,Super Combined,Gold
2014,Sochi,Skiing,Alpine Skiing,"MANCUSO, Julia",USA,Women,Super Combined,Bronze
2014,Sochi,Skiing,Alpine Skiing,"FENNINGER, Anna",AUT,Women,Super-G,Gold
2014,Sochi,Skiing,Alpine Skiing,"HOSP, Nicole",AUT,Women,Super-G,Bronze
2014,Sochi,Skiing,Alpine Skiing,"HOEFL-RIESCH, Maria",GER,Women,Super-G,Silver
2014,Sochi,Skiing,Cross Country Skiing,"COLOGNA, Dario",SUI,Men,15KM,Gold
2014,Sochi,Skiing,Cross Country Skiing,"OLSSON, Johan",SWE,Men,15KM,Silver
2014,Sochi,Skiing,Cross Country Skiing,"RICHARDSSON, Daniel",SWE,Men,15KM,Bronze
2014,Sochi,Skiing,Cross Country Skiing,"DUVILLARD, Robin",FRA,Men,4X10KM Relay,Bronze
2014,Sochi,Skiing,Cross Country Skiing,"GAILLARD, Jean Marc",FRA,Men,4X10KM Relay,Bronze
2014,Sochi,Skiing,Cross Country Skiing,"MANIFICAT, Maurice",FRA,Men,4X10KM Relay,Bronze
2014,Sochi,Skiing,Cross Country Skiing,"PERRILLAT BOITEUX, Ivan",FRA,Men,4X10KM Relay,Bronze
2014,Sochi,Skiing,Cross Country Skiing,"BESSMERTNYKH, Alexander",RUS,Men,4X10KM Relay,Silver
2014,Sochi,Skiing,Cross Country Skiing,"JAPAROV, Dmitriy",RUS,Men,4X10KM Relay,Silver
2014,Sochi,Skiing,Cross Country Skiing,"LEGKOV, Alexander",RUS,Men,4X10KM Relay,Silver
2014,Sochi,Skiing,Cross Country Skiing,"VYLEGZHANIN, Maxim",RUS,Men,4X10KM Relay,Silver
2014,Sochi,Skiing,Cross Country Skiing,"HELLNER, Marcus",SWE,Men,4X10KM Relay,Gold
2014,Sochi,Skiing,Cross Country Skiing,"NELSON, Lars",SWE,Men,4X10KM Relay,Gold
2014,Sochi,Skiing,Cross Country Skiing,"OLSSON, Johan",SWE,Men,4X10KM Relay,Gold
2014,Sochi,Skiing,Cross Country Skiing,"RICHARDSSON, Daniel",SWE,Men,4X10KM Relay,Gold
2014,Sochi,Skiing,Cross Country Skiing,"CHERNOUSOV, Ilia",RUS,Men,50KM,Bronze
2014,Sochi,Skiing,Cross Country Skiing,"LEGKOV, Alexander",RUS,Men,50KM,Gold
2014,Sochi,Skiing,Cross Country Skiing,"VYLEGZHANIN, Maxim",RUS,Men,50KM,Silver
2014,Sochi,Skiing,Cross Country Skiing,"SUNDBY, Martin Johnsrud",NOR,Men,Combined 15+15K,Bronze
2014,Sochi,Skiing,Cross Country Skiing,"COLOGNA, Dario",SUI,Men,Combined 15+15K,Gold
2014,Sochi,Skiing,Cross Country Skiing,"HELLNER, Marcus",SWE,Men,Combined 15+15K,Silver
2014,Sochi,Skiing,Cross Country Skiing,"HATTESTAD, Ola Vigen",NOR,Men,Sprint 1.5KM,Gold
2014,Sochi,Skiing,Cross Country Skiing,"JOENSSON, Emil",SWE,Men,Sprint 1.5KM,Bronze
2014,Sochi,Skiing,Cross Country Skiing,"PETERSON, Teodor",SWE,Men,Sprint 1.5KM,Silver
2014,Sochi,Skiing,Cross Country Skiing,"JAUHOJAERVI, Sami",FIN,Men,Team Sprint,Gold
2014,Sochi,Skiing,Cross Country Skiing,"NISKANEN, Iivo",FIN,Men,Team Sprint,Gold
2014,Sochi,Skiing,Cross Country Skiing,"KRIUKOV, Nikita",RUS,Men,Team Sprint,Silver
2014,Sochi,Skiing,Cross Country Skiing,"VYLEGZHANIN, Maxim",RUS,Men,Team Sprint,Silver
2014,Sochi,Skiing,Cross Country Skiing,"JOENSSON, Emil",SWE,Men,Team Sprint,Bronze
2014,Sochi,Skiing,Cross Country Skiing,"PETERSON, Teodor",SWE,Men,Team Sprint,Bronze
2014,Sochi,Skiing,Cross Country Skiing,"JOHAUG, Therese",NOR,Women,10KM,Bronze
2014,Sochi,Skiing,Cross Country Skiing,"KOWALCZYK, Justyna",POL,Women,10KM,Gold
2014,Sochi,Skiing,Cross Country Skiing,"KALLA, Charlotte",SWE,Women,10KM,Silver
2014,Sochi,Skiing,Cross Country Skiing,"BJOERGEN, Marit",NOR,Women,30KM,Gold
2014,Sochi,Skiing,Cross Country Skiing,"JOHAUG, Therese",NOR,Women,30KM,Silver
2014,Sochi,Skiing,Cross Country Skiing,"STEIRA, Kristin Stoermer",NOR,Women,30KM,Bronze
2014,Sochi,Skiing,Cross Country Skiing,"KYLLOENEN, Anne",FIN,Women,4X5KM Relay,Silver
2014,Sochi,Skiing,Cross Country Skiing,"LAHTEENMAKI, Krista",FIN,Women,4X5KM Relay,Silver
2014,Sochi,Skiing,Cross Country Skiing,"NISKANEN, Kerttu",FIN,Women,4X5KM Relay,Silver
2014,Sochi,Skiing,Cross Country Skiing,"SAARINEN, Aino-Kaisa",FIN,Women,4X5KM Relay,Silver
2014,Sochi,Skiing,Cross Country Skiing,"BOEHLER, Stefanie",GER,Women,4X5KM Relay,Bronze
2014,Sochi,Skiing,Cross Country Skiing,"FESSEL, Nicole",GER,Women,4X5KM Relay,Bronze
2014,Sochi,Skiing,Cross Country Skiing,"HERRMANN, Denise",GER,Women,4X5KM Relay,Bronze
2014,Sochi,Skiing,Cross Country Skiing,"NYSTAD, Claudia",GER,Women,4X5KM Relay,Bronze
2014,Sochi,Skiing,Cross Country Skiing,"HAAG, Anna",SWE,Women,4X5KM Relay,Gold
2014,Sochi,Skiing,Cross Country Skiing,"INGEMARSDOTTER, Ida",SWE,Women,4X5KM Relay,Gold
2014,Sochi,Skiing,Cross Country Skiing,"KALLA, Charlotte",SWE,Women,4X5KM Relay,Gold
2014,Sochi,Skiing,Cross Country Skiing,"WIKEN, Emma",SWE,Women,4X5KM Relay,Gold
2014,Sochi,Skiing,Cross Country Skiing,"BJOERGEN, Marit",NOR,Women,Combined7.5+7.5,Gold
2014,Sochi,Skiing,Cross Country Skiing,"WENG, Heidi",NOR,Women,Combined7.5+7.5,Bronze
2014,Sochi,Skiing,Cross Country Skiing,"KALLA, Charlotte",SWE,Women,Combined7.5+7.5,Silver
2014,Sochi,Skiing,Cross Country Skiing,"FALLA, Maiken Caspersen",NOR,Women,Sprint 1.5KM,Gold
2014,Sochi,Skiing,Cross Country Skiing,"OESTBERG, Ingvild Flugstad",NOR,Women,Sprint 1.5KM,Silver
2014,Sochi,Skiing,Cross Country Skiing,"FABJAN, Vesna",SLO,Women,Sprint 1.5KM,Bronze
2014,Sochi,Skiing,Cross Country Skiing,"NISKANEN, Kerttu",FIN,Women,Team Sprint,Silver
2014,Sochi,Skiing,Cross Country Skiing,"SAARINEN, Aino-Kaisa",FIN,Women,Team Sprint,Silver
2014,Sochi,Skiing,Cross Country Skiing,"BJOERGEN, Marit",NOR,Women,Team Sprint,Gold
2014,Sochi,Skiing,Cross Country Skiing,"OESTBERG, Ingvild Flugstad",NOR,Women,Team Sprint,Gold
2014,Sochi,Skiing,Cross Country Skiing,"INGEMARSDOTTER, Ida",SWE,Women,Team Sprint,Bronze
2014,Sochi,Skiing,Cross Country Skiing,"NILSSON, Stina",SWE,Women,Team Sprint,Bronze
2014,Sochi,Skiing,Freestyle Skiing,"MORRIS, David",AUS,Men,Aerials,Silver
2014,Sochi,Skiing,Freestyle Skiing,"KUSHNIR, Anton",BLR,Men,Aerials,Gold
2014,Sochi,Skiing,Freestyle Skiing,"JIA, Zongyang",CHN,Men,Aerials,Bronze
2014,Sochi,Skiing,Freestyle Skiing,"BILODEAU, Alexandre",CAN,Men,Moguls,Gold
2014,Sochi,Skiing,Freestyle Skiing,"KINGSBURY, Mikael",CAN,Men,Moguls,Silver
2014,Sochi,Skiing,Freestyle Skiing,"SMYSHLYAEV, Alexandr",RUS,Men,Moguls,Bronze
2014,Sochi,Skiing,Freestyle Skiing,"BOVOLENTA, Arnaud",FRA,Men,Ski Cross,Silver
2014,Sochi,Skiing,Freestyle Skiing,"CHAPUIS, Jean Frederic",FRA,Men,Ski Cross,Gold
2014,Sochi,Skiing,Freestyle Skiing,"MIDOL, Jonathan",FRA,Men,Ski Cross,Bronze
2014,Sochi,Skiing,Freestyle Skiing,"RIDDLE, Mike",CAN,Men,Ski Halfpipe,Silver
2014,Sochi,Skiing,Freestyle Skiing,"ROLLAND, Kevin",FRA,Men,Ski Halfpipe,Bronze
2014,Sochi,Skiing,Freestyle Skiing,"WISE, David",USA,Men,Ski Halfpipe,Gold
2014,Sochi,Skiing,Freestyle Skiing,"CHRISTENSEN, Joss",USA,Men,Ski Slopestyle,Gold
2014,Sochi,Skiing,Freestyle Skiing,"GOEPPER, Nicholas",USA,Men,Ski Slopestyle,Bronze
2014,Sochi,Skiing,Freestyle Skiing,"KENWORTHY, Gus",USA,Men,Ski Slopestyle,Silver
2014,Sochi,Skiing,Freestyle Skiing,"LASSILA, Lydia",AUS,Women,Aerials,Bronze
2014,Sochi,Skiing,Freestyle Skiing,"TSUPER, Alla",BLR,Women,Aerials,Gold
2014,Sochi,Skiing,Freestyle Skiing,"XU, Mengtao",CHN,Women,Aerials,Silver
2014,Sochi,Skiing,Freestyle Skiing,"DUFOUR-LAPOINTE, Chloe",CAN,Women,Moguls,Silver
2014,Sochi,Skiing,Freestyle Skiing,"DUFOUR-LAPOINTE, Justine",CAN,Women,Moguls,Gold
2014,Sochi,Skiing,Freestyle Skiing,"KEARNEY, Hannah",USA,Women,Moguls,Bronze
2014,Sochi,Skiing,Freestyle Skiing,"SERWA, Kelsey",CAN,Women,Ski Cross,Silver
2014,Sochi,Skiing,Freestyle Skiing,"THOMPSON, Marielle",CAN,Women,Ski Cross,Gold
2014,Sochi,Skiing,Freestyle Skiing,"HOLMLUND, Anna",SWE,Women,Ski Cross,Bronze
2014,Sochi,Skiing,Freestyle Skiing,"MARTINOD, Marie",FRA,Women,Ski Halfpipe,Silver
2014,Sochi,Skiing,Freestyle Skiing,"ONOZUKA, Ayana",JPN,Women,Ski Halfpipe,Bronze
2014,Sochi,Skiing,Freestyle Skiing,"BOWMAN, Maddie",USA,Women,Ski Halfpipe,Gold
2014,Sochi,Skiing,Freestyle Skiing,"HOWELL, Dara",CAN,Women,Ski Slopestyle,Gold
2014,Sochi,Skiing,Freestyle Skiing,"LAMARRE, Kim",CAN,Women,Ski Slopestyle,Bronze
2014,Sochi,Skiing,Freestyle Skiing,"LOGAN, Devin",USA,Women,Ski Slopestyle,Silver
2014,Sochi,Skiing,Nordic Combined,"FRENZEL, Eric",GER,Men,Ind. K90 (70M),Gold
2014,Sochi,Skiing,Nordic Combined,"WATABE, Akito",JPN,Men,Ind. K90 (70M),Silver
2014,Sochi,Skiing,Nordic Combined,"KROG, Magnus",NOR,Men,Ind. K90 (70M),Bronze
2014,Sochi,Skiing,Nordic Combined,"RIESSLE, Fabian",GER,Men,Sprint K120,Bronze
2014,Sochi,Skiing,Nordic Combined,"GRAABAK, Joergen",NOR,Men,Sprint K120,Gold
2014,Sochi,Skiing,Nordic Combined,"MOAN, Magnus Hovdal",NOR,Men,Sprint K120,Silver
2014,Sochi,Skiing,Nordic Combined,"BIELER, Christoph",AUT,Men,"Team, 4X5 KM",Bronze
2014,Sochi,Skiing,Nordic Combined,"GRUBER, Bernhard",AUT,Men,"Team, 4X5 KM",Bronze
2014,Sochi,Skiing,Nordic Combined,"KLAPFER, Lukas",AUT,Men,"Team, 4X5 KM",Bronze
2014,Sochi,Skiing,Nordic Combined,"STECHER, Mario",AUT,Men,"Team, 4X5 KM",Bronze
2014,Sochi,Skiing,Nordic Combined,"FRENZEL, Eric",GER,Men,"Team, 4X5 KM",Silver
2014,Sochi,Skiing,Nordic Combined,"KIRCHEISEN, Bjoern",GER,Men,"Team, 4X5 KM",Silver
2014,Sochi,Skiing,Nordic Combined,"RIESSLE, Fabian",GER,Men,"Team, 4X5 KM",Silver
2014,Sochi,Skiing,Nordic Combined,"RYDZEK, Johannes",GER,Men,"Team, 4X5 KM",Silver
2014,Sochi,Skiing,Nordic Combined,"GRAABAK, Joergen",NOR,Men,"Team, 4X5 KM",Gold
2014,Sochi,Skiing,Nordic Combined,"KLEMETSEN, Haavard",NOR,Men,"Team, 4X5 KM",Gold
2014,Sochi,Skiing,Nordic Combined,"KROG, Magnus",NOR,Men,"Team, 4X5 KM",Gold
2014,Sochi,Skiing,Nordic Combined,"MOAN, Magnus Hovdal",NOR,Men,"Team, 4X5 KM",Gold
2014,Sochi,Skiing,Ski Jumping,"KASAI, Noriaki",JPN,Men,Large Hill,Silver
2014,Sochi,Skiing,Ski Jumping,"STOCH, Kamil",POL,Men,Large Hill,Gold
2014,Sochi,Skiing,Ski Jumping,"PREVC, Peter",SLO,Men,Large Hill,Bronze
2014,Sochi,Skiing,Ski Jumping,"BARDAL, Anders",NOR,Men,Normal Hill,Bronze
2014,Sochi,Skiing,Ski Jumping,"STOCH, Kamil",POL,Men,Normal Hill,Gold
2014,Sochi,Skiing,Ski Jumping,"PREVC, Peter",SLO,Men,Normal Hill,Silver
2014,Sochi,Skiing,Ski Jumping,"DIETHART, Thomas",AUT,Men,Teams,Silver
2014,Sochi,Skiing,Ski Jumping,"HAYBOECK, Michael",AUT,Men,Teams,Silver
2014,Sochi,Skiing,Ski Jumping,"MORGENSTERN, Thomas",AUT,Men,Teams,Silver
2014,Sochi,Skiing,Ski Jumping,"SCHLIERENZAUER, Gregor",AUT,Men,Teams,Silver
2014,Sochi,Skiing,Ski Jumping,"FREUND, Severin",GER,Men,Teams,Gold
2014,Sochi,Skiing,Ski Jumping,"KRAUS, Marinus",GER,Men,Teams,Gold
2014,Sochi,Skiing,Ski Jumping,"WANK, Andreas",GER,Men,Teams,Gold
2014,Sochi,Skiing,Ski Jumping,"WELLINGER, Andreas",GER,Men,Teams,Gold
2014,Sochi,Skiing,Ski Jumping,"ITO, Daiki",JPN,Men,Teams,Bronze
2014,Sochi,Skiing,Ski Jumping,"KASAI, Noriaki",JPN,Men,Teams,Bronze
2014,Sochi,Skiing,Ski Jumping,"SHIMIZU, Reruhi",JPN,Men,Teams,Bronze
2014,Sochi,Skiing,Ski Jumping,"TAKEUCHI, Taku",JPN,Men,Teams,Bronze
2014,Sochi,Skiing,Ski Jumping,"IRASCHKO-STOLZ, Daniela",AUT,Women,K90 Individual,Silver
2014,Sochi,Skiing,Ski Jumping,"MATTEL, Coline",FRA,Women,K90 Individual,Bronze
2014,Sochi,Skiing,Ski Jumping,"VOGT, Carina",GER,Women,K90 Individual,Gold
2014,Sochi,Skiing,Snowboard,"WILD, Vic",RUS,Men,Giant Parall.S.,Gold
2014,Sochi,Skiing,Snowboard,"KOSIR, Zan",SLO,Men,Giant Parall.S.,Bronze
2014,Sochi,Skiing,Snowboard,"GALMARINI, Nevin",SUI,Men,Giant Parall.S.,Silver
2014,Sochi,Skiing,Snowboard,"HIRANO, Ayumu",JPN,Men,Half-Pipe,Silver
2014,Sochi,Skiing,Snowboard,"HIRAOKA, Taku",JPN,Men,Half-Pipe,Bronze
2014,Sochi,Skiing,Snowboard,"PODLADTCHIKOV, Iouri",SUI,Men,Half-Pipe,Gold
2014,Sochi,Skiing,Snowboard,"KARL, Benjamin",AUT,Men,Parallel Slalom,Bronze
2014,Sochi,Skiing,Snowboard,"WILD, Vic",RUS,Men,Parallel Slalom,Gold
2014,Sochi,Skiing,Snowboard,"KOSIR, Zan",SLO,Men,Parallel Slalom,Silver
2014,Sochi,Skiing,Snowboard,"MCMORRIS, Mark",CAN,Men,Slopestyle,Bronze
2014,Sochi,Skiing,Snowboard,"SANDBECH, Staale",NOR,Men,Slopestyle,Silver
2014,Sochi,Skiing,Snowboard,"KOTSENBURG, Sage",USA,Men,Slopestyle,Gold
2014,Sochi,Skiing,Snowboard,"VAULTIER, Pierre",FRA,Men,Snowboard Cross,Gold
2014,Sochi,Skiing,Snowboard,"OLYUNIN, Nikolay",RUS,Men,Snowboard Cross,Silver
2014,Sochi,Skiing,Snowboard,"DEIBOLD, Alex",USA,Men,Snowboard Cross,Bronze
2014,Sochi,Skiing,Snowboard,"TAKEUCHI, Tomoka",JPN,Women,Giant Parall.S.,Silver
2014,Sochi,Skiing,Snowboard,"ZAVARZINA, Alena",RUS,Women,Giant Parall.S.,Bronze
2014,Sochi,Skiing,Snowboard,"KUMMER, Patrizia",SUI,Women,Giant Parall.S.,Gold
2014,Sochi,Skiing,Snowboard,"BRIGHT, Torah",AUS,Women,Half-Pipe,Silver
2014,Sochi,Skiing,Snowboard,"CLARK, Kelly",USA,Women,Half-Pipe,Bronze
2014,Sochi,Skiing,Snowboard,"FARRINGTON, Kaitlyn",USA,Women,Half-Pipe,Gold
2014,Sochi,Skiing,Snowboard,"DUJMOVITS, Julia",AUT,Women,Parallel Slalom,Gold
2014,Sochi,Skiing,Snowboard,"KARSTENS, Anke",GER,Women,Parallel Slalom,Silver
2014,Sochi,Skiing,Snowboard,"KOBER, Amelie",GER,Women,Parallel Slalom,Bronze
2014,Sochi,Skiing,Snowboard,"RUKAJARVI, Enni",FIN,Women,Slopestyle,Silver
2014,Sochi,Skiing,Snowboard,"JONES, Jenny",GBR,Women,Slopestyle,Bronze
2014,Sochi,Skiing,Snowboard,"ANDERSON, Jamie",USA,Women,Slopestyle,Gold
2014,Sochi,Skiing,Snowboard,"MALTAIS, Dominique",CAN,Women,Snowboard Cross,Silver
2014,Sochi,Skiing,Snowboard,"SAMKOVA, Eva",CZE,Women,Snowboard Cross,Gold
2014,Sochi,Skiing,Snowboard,"TRESPEUCH, Chloe",FRA,Women,Snowboard Cross,Bronze